File.Name	Protein.Group	Protein.Ids	Protein.Names	Genes	PG.Quantity	PG.Normalised	Gene.Group.Quantity	Gene.Group.Normalised	Gene.Quantity.Unique	Gene.Normalised.Unique	Modified.Sequence	Stripped.Sequence	Precursor.Id	Precursor.Charge	Q.Value	Protein.Q.Value	Proteotypic	Precursor.Quantity	Precursor.Normalised	Label.Ratio	RT	iRT	Predicted.RT	Predicted.iRT	Lib.Q.Value	Ms1.Profile.Corr	Evidence	CScore	Decoy.Evidence	Decoy.CScore	Fragment.Quant.Raw	Fragment.Quant.Corrected	Fragment.Correlations
./tmp//tQC_NA_NA_2.mzML.dia	P06744	P06744	G6PI_HUMAN	GPI	8290.86	8290.86	8290.86	8290.86	8290.86	8290.86	(UniMod:1)AALTRDPQFQK	AALTRDPQFQK	(UniMod:1)AALTRDPQFQK2	2	0.308994	0.683453	1	8290.86	8290.86	0	2.42448	1586.3	2.27749	1830.19	0	0.259319	2.95019	0.253111	2.08003	0.119805	2059;1986;1292;2067;2910;2944;	1591.41;1337.29;847.531;2067;787.334;1660.3;	0.639195;0.454554;0.555905;0.885147;-0.0469857;0.324303;
./tmp//tQC_NA_NA_2.mzML.dia	P69891;P69892	P69891;P69892	HBG1_HUMAN;HBG2_HUMAN	HBG1;HBG2	13421.1	13421.1	13421.1	13421.1			(UniMod:1)GHFTEEDKATITSLWGK	GHFTEEDKATITSLWGK	(UniMod:1)GHFTEEDKATITSLWGK3	3	0.064	0.428571	0	13421.1	13421.1	0	2.91778	2794.6	3.00417	2638.69	0	0.289898	2.4448	0.567035	1.69128	0.14232	964;2522;1703;2616;3475;6901;	726.879;2009.72;1703;676.261;2531.1;5774.18;	0.539801;0.532931;0.888083;0.133774;0.113713;0.513564;
./tmp//tQC_NA_NA_2.mzML.dia	P05413	P05413	FABPH_HUMAN	FABP3	19568.1	19568.1	19568.1	19568.1	19568.1	19568.1	(UniMod:1)VDAFLGTWK	VDAFLGTWK	(UniMod:1)VDAFLGTWK2	2	0.064	0.234234	1	19568.1	19568.1	0	4.5422	4391.5	4.52678	4383.11	0	0.676042	4.07605	0.569037	2.92835	0.175906	1567;8670;4755;3869;1285;3875;	1037.08;5640.19;4755;3558.73;868.086;3709.04;	0.786274;0.492336;0.981878;0.870547;0.532569;0.893754;
./tmp//tQC_NA_NA_2.mzML.dia	P02042;P68871	P02042;P68871	HBB_HUMAN;HBD_HUMAN	HBB;HBD	9579.54	9579.54	9579.54	9579.54			(UniMod:1)VHLTPEEK	VHLTPEEK	(UniMod:1)VHLTPEEK2	2	0.0448642	0.0136986	0	20510.6	20510.6	0	2.16073	1300.7	2.00581	1453.15	0	0.919414	3.08598	0.611389	1.98735	0.273252	2555;9483;6767;1492;7672;12872;	1976.12;2435.24;6767;971.356;7412.69;948.2;	0.896453;0.258098;0.972746;0.823317;0.951147;-0.128221;
./tmp//tQC_NA_NA_2.mzML.dia	P68871	P68871	HBB_HUMAN	HBB	17784.1	17784.1	17784.1	17784.1	17784.1	17784.1	(UniMod:1)VHLTPEEKSAVTALWGK	VHLTPEEKSAVTALWGK	(UniMod:1)VHLTPEEKSAVTALWGK3	3	0.357822	0.0136986	1	12583.4	12583.4	0	3.33665	3246.5	3.28129	3295.12	0	-0.0685847	2.77751	0.227572	2.87397	0.170508	5640;4125;2434;5964;4041;5260;	980.618;4125;945.496;3087.46;1706.14;1738.68;	0.163905;0.949555;0.589296;0.531426;0.56121;0.404751;
./tmp//tQC_NA_NA_2.mzML.dia	P69905	P69905	HBA_HUMAN	HBA1	26062.1	26062.1	26062.1	26062.1	26062.1	26062.1	(UniMod:1)VLSPADKTNVKAAWGK	VLSPADKTNVKAAWGK	(UniMod:1)VLSPADKTNVKAAWGK3	3	0.308994	0.0136986	1	8240.26	8240.26	0	2.26157	1609.9	2.29934	1567.73	0	0.00018144	2.71533	0.2538	1.61262	0.0950425	1563;2141;2734;3945;292;5444;	396.281;960.257;2734;2203.22;103.137;1843.36;	0.193464;0.535766;0.956126;0.552204;0.29768;0.560853;
./tmp//tQC_NA_NA_2.mzML.dia					3.49289e+06	3.49289e+06					AAAAAAVSGSAAAEAK	AAAAAAVSGSAAAEAK	AAAAAAVSGSAAAEAK2	2	0.00220264	1	0	3163.35	3163.35	0	1.3639	936.2	1.43591	911.651	0	0.0248886	4.36585	0.955033	2.34396	0.166132	1396;1131;2163;904;1383;1035;	1396;960.772;806.5;806.581;1020.05;336.569;	0.949529;0.846078;0.615981;0.895296;0.812574;0.590337;
./tmp//tQC_NA_NA_2.mzML.dia	P02766	P02766	TTHY_HUMAN	TTR	19222.3	19222.3	19222.3	19222.3	19222.3	19222.3	AADDTWEPFASGK	AADDTWEPFASGK	AADDTWEPFASGK2	2	0.00220264	0.0136986	1	9720.27	9720.27	0	2.78343	2224.3	2.68063	2375.79	0	0.545934	4.63549	0.955777	2.37176	0.0929323	12341;11812;4261;2694;3144;3677;	8344.23;4380.7;4261;2620.13;2839.14;2473.01;	0.781392;0.211963;0.947531;0.889425;0.868342;0.715826;
./tmp//tQC_NA_NA_2.mzML.dia	P19827	P19827	ITIH1_HUMAN	ITIH1	39447.3	39447.3	39447.3	39447.3	39447.3	39447.3	AAISGENAGLVR	AAISGENAGLVR	AAISGENAGLVR2	2	0.00220264	0.0136986	1	18963.1	18963.1	0	1.85503	1199.2	1.90288	1167.92	0	-0.0339153	5.32998	0.955634	1.91175	0.109017	12527;5272;4763;1934;4313;2141;	12527;4975.97;1900.7;1460.13;1839.85;1266.21;	0.933947;0.950903;0.737928;0.960122;0.723608;0.816069;
./tmp//tQC_NA_NA_2.mzML.dia	P01019	P01019	ANGT_HUMAN	AGT	21230	21230	21230	21230	21230	21230	AAM(UniMod:35)VGMLANFLGFR	AAMVGMLANFLGFR	AAM(UniMod:35)VGMLANFLGFR2	2	0.0353659	0.0136986	1	10241.6	10241.6	0	4.5117	4345	4.38152	4375.38	0	0.0962452	3.49728	0.692779	2.86596	0.138131	3634;3434;1628;1538;2077;3941;	3634;2309.16;245.294;796.982;612.018;2644.12;	0.957987;0.66601;0.0535444;0.632816;-0.0010979;0.512265;
./tmp//tQC_NA_NA_2.mzML.dia	P01019	P01019	ANGT_HUMAN	AGT	21230	21230	21230	21230	21230	21230	AAMVGM(UniMod:35)LANFLGFR	AAMVGMLANFLGFR	AAMVGM(UniMod:35)LANFLGFR2	2	0.373391	0.0136986	1	15032.4	15032.4	0	4.52403	4324.5	4.31595	4378.45	0	0.0147327	3.12233	0.21878	2.12843	0.306401	16503;3400;8871;1625;3941;2784;	11225.4;3400;5892.14;518.336;2290.01;1517.01;	0.61436;0.939994;0.519033;-0.145522;0.725135;0.242221;
./tmp//tQC_NA_NA_2.mzML.dia	P01019	P01019	ANGT_HUMAN	AGT	21230	21230	21230	21230	21230	21230	AAMVGMLANFLGFR	AAMVGMLANFLGFR	AAMVGMLANFLGFR2	2	0.00937082	0.0136986	1	3816.05	3816.05	0	4.90633	4473.1	4.77834	4494.16	0	-0.207075	3.9707	0.867043	2.25604	0.0841252	2205;2872;2022;6722;957;1968;	1871.68;2872;1229.21;4172.28;506.669;1437.71;	0.702091;0.941206;0.71205;0.697731;0.523247;0.69009;
./tmp//tQC_NA_NA_2.mzML.dia	P01019	P01019	ANGT_HUMAN	AGT	21230	21230	21230	21230	21230	21230	AAMVGMLANFLGFR	AAMVGMLANFLGFR	AAMVGMLANFLGFR3	3	0.0457746	0.0136986	1	1319.25	1319.25	0	4.89853	4468.5	4.76415	4491.74	0	0	3.51894	0.603844	0	-1e+07	991;1353;533;580;329;2017;	518.506;592.555;533;225.492;243.778;556.969;	0.735337;0.558555;0.941486;0.679178;0.745784;0.447371;
./tmp//tQC_NA_NA_2.mzML.dia	P12111	P12111	CO6A3_HUMAN	COL6A3	6324.39	6324.39	6324.39	6324.39	6324.39	6324.39	AAPLQGMLPGLLAPLR	AAPLQGMLPGLLAPLR	AAPLQGMLPGLLAPLR2	2	0.295826	0.0531915	1	1352.9	1352.9	0	4.40202	4371.8	4.466	4349.91	0	-0.217124	2.27034	0.266442	0	-1e+07	635;715;736;1122;1837;836;	319.647;715;279.391;324.886;785.167;248.083;	0.531738;0.919563;0.569315;0.320091;0.413232;0.233224;
./tmp//tQC_NA_NA_2.mzML.dia					3.49289e+06	3.49289e+06					AAPPSGGPGFLSIERPDSRPPR	AAPPSGGPGFLSIERPDSRPPR	AAPPSGGPGFLSIERPDSRPPR3	3	0.162651	1	0	5781.46	5781.46	0	3.04415	2802.2	3.01019	2835.07	0	0.315557	1.54639	0.372462	2.12904	0.132936	9179;616;315;2594;6408;2177;	3357.53;616;0;1597.18;1637.09;786.842;	0.19836;0.830222;0.160974;0.28018;0.16053;0.0417013;
./tmp//tQC_NA_NA_2.mzML.dia	P01023	P01023	A2MG_HUMAN	A2M	171027	171027	171027	171027	171027	171027	AAQVTIQSSGTFSSK	AAQVTIQSSGTFSSK	AAQVTIQSSGTFSSK2	2	0.00220264	0.0136986	1	21119.2	21119.2	0	1.97122	1310.6	2.0147	1272.11	0	0.788933	5.82372	0.956509	0	-1e+07	7175;11277;3682;5072;5464;2936;	7175;11090.4;3568.23;4908.52;4865.54;2853.72;	0.987205;0.971868;0.953245;0.970241;0.962936;0.973271;
./tmp//tQC_NA_NA_2.mzML.dia	P01024	P01024	CO3_HUMAN	C3	153839	153839	153839	153839	153839	153839	AAVYHHFISDGVR	AAVYHHFISDGVR	AAVYHHFISDGVR2	2	0.00220264	0.0136986	1	8517.76	8517.76	0	1.89678	1137.3	1.82084	1201.22	0	0.884528	5.61919	0.956696	0	-1e+07	5671;3721;4913;2671;2397;2169;	5434.18;3662.18;4583.26;2671;2184.58;1884.81;	0.956418;0.97302;0.944369;0.984338;0.965514;0.929862;
./tmp//tQC_NA_NA_2.mzML.dia	P01024	P01024	CO3_HUMAN	C3	153839	153839	153839	153839	153839	153839	AAVYHHFISDGVR	AAVYHHFISDGVR	AAVYHHFISDGVR3	3	0.00220264	0.0136986	1	25954.1	25954.1	0	1.90177	1133.9	1.81565	1205.48	0	0.645643	5.84552	0.954865	0	-1e+07	8084;13138;9985;9073;9440;10863;	7827.24;11551.7;8271.58;8686.83;9440;9268.47;	0.992898;0.956162;0.934861;0.982724;0.993342;0.953496;
./tmp//tQC_NA_NA_2.mzML.dia	P01024	P01024	CO3_HUMAN	C3	153839	153839	153839	153839	153839	153839	AAVYHHFISDGVRK	AAVYHHFISDGVRK	AAVYHHFISDGVRK2	2	0.0426035	0.0136986	1	3586.58	3586.58	0	1.70077	970.1	1.50677	1071.44	0	-0.108986	2.88034	0.627443	3.2795	0.142959	1445;996;973;9215;1521;497;	1445;812.137;305.635;262.986;402.104;358.721;	0.957501;0.768742;0.663706;0.404138;0.0981932;0.533206;
./tmp//tQC_NA_NA_2.mzML.dia	P01024	P01024	CO3_HUMAN	C3	153839	153839	153839	153839	153839	153839	AAVYHHFISDGVRK	AAVYHHFISDGVRK	AAVYHHFISDGVRK3	3	0.0659091	0.0136986	1	6627.18	6627.18	0	1.68065	989.6	1.54728	1060.62	0	0.55848	2.28119	0.561859	1.27322	0.110515	10190;1301;3599;5364;1007;1172;	1799.25;743.071;1591.81;882.721;438.327;1172;	-0.206988;0.705199;0.160697;0.14834;0.707408;0.889694;
./tmp//tQC_NA_NA_2.mzML.dia	P69905	P69905	HBA_HUMAN	HBA1	26062.1	26062.1	26062.1	26062.1	26062.1	26062.1	AAWGKVGAHAGEYGAEALER	AAWGKVGAHAGEYGAEALER	AAWGKVGAHAGEYGAEALER3	3	0.762739	0.0136986	1	3750.66	3750.66	0	2.2527	1536.8	2.2287	1555.11	0	0.435435	2.38982	0.119894	0	-1e+07	1393;131;1395;581;2620;176;	762.822;0;277.525;73.9286;2620;16.3837;	0.724329;0.077748;0.114457;0.302322;0.939753;0.306695;
./tmp//tQC_NA_NA_2.mzML.dia	P04196	P04196	HRG_HUMAN	HRG	26183.3	26183.3	26183.3	26183.3	26183.3	26183.3	ADLFYDVEALDLESPK	ADLFYDVEALDLESPK	ADLFYDVEALDLESPK3	3	0.00364299	0.0136986	1	9282.11	9282.11	0	4.03873	4236.4	4.04814	4226.86	0	0.440512	4.39717	0.953712	2.10641	0.110702	6448;3080;17573;3659;3807;2728;	6163.66;3058.39;3730.14;3659;3399.35;2564.72;	0.934943;0.957955;0.0599113;0.971475;0.817413;0.937285;
./tmp//tQC_NA_NA_2.mzML.dia	P01011	P01011	AACT_HUMAN	SERPINA3	138152	138152	138152	138152	138152	138152	ADLSGITGAR	ADLSGITGAR	ADLSGITGAR2	2	0.00220264	0.0136986	1	28135.1	28135.1	0	1.91365	1268.5	1.97589	1215.9	0	0.826646	5.64262	0.956174	3.4506	0.287858	69723;49744;26944;11951;8025;9400;	68554.6;49331.8;25382.1;11951;7636.42;8547.7;	0.923543;0.935652;0.937795;0.946432;0.942107;0.964542;
./tmp//tQC_NA_NA_2.mzML.dia	Q14624	Q14624	ITIH4_HUMAN	ITIH4	53564.2	53564.2	53564.2	53564.2	53564.2	53564.2	AEAQAQYSAAVAK	AEAQAQYSAAVAK	AEAQAQYSAAVAK2	2	0.00364299	0.0136986	1	4420.79	4420.79	0	1.41323	960.4	1.48652	933.849	0	0.922227	4.45394	0.952495	0	-1e+07	2366;1147;1651;1000;674;1156;	2366;791.903;1262.89;713.09;298.625;298.472;	0.974832;0.866209;0.90569;0.865041;0.773408;0.602741;
./tmp//tQC_NA_NA_2.mzML.dia	P00450	P00450	CERU_HUMAN	CP	71879.6	71879.6	71879.6	71879.6	71879.6	71879.6	AEEEHLGILGPQLHADVGDKVK	AEEEHLGILGPQLHADVGDKVK	AEEEHLGILGPQLHADVGDKVK3	3	0.0203822	0.0136986	1	2012.49	2012.49	0	2.55172	2042.8	2.60805	1961.25	0	0	2.90328	0.758763	2.18662	0.428748	977;308;1760;1734;1563;1409;	446.628;308;364.87;224.808;186.965;481.217;	0.706534;0.878719;0.236498;0.00447499;-0.147634;0.526476;
./tmp//tQC_NA_NA_2.mzML.dia	P02768	P02768	ALBU_HUMAN	ALB	6.02018e+06	6.02018e+06	6.52224e+06	6.52224e+06	6.52224e+06	6.52224e+06	AEFAEVSKLVTDLTK	AEFAEVSKLVTDLTK	AEFAEVSKLVTDLTK2	2	0.039807	0.0136986	1	4205.49	4205.49	0	4.34078	4314.3	4.28335	4335.61	0	0.195791	2.19518	0.666646	1.64611	0.328496	1351;3422;1190;684;1271;2009;	836.833;2112.5;651.194;168.748;539.717;2009;	0.204443;0.459788;0.00361649;0.0370766;0.077437;0.82101;
./tmp//tQC_NA_NA_2.mzML.dia	P02768	P02768	ALBU_HUMAN	ALB	6.02018e+06	6.02018e+06	6.52224e+06	6.52224e+06	6.52224e+06	6.52224e+06	AEFAEVSKLVTDLTK	AEFAEVSKLVTDLTK	AEFAEVSKLVTDLTK3	3	0.0878885	0.0136986	1	2840.72	2840.72	0	3.81502	4007.8	3.7279	4092.62	0	0.450481	3.24449	0.469822	1.43046	0.094863	956;1691;1045;1357;2081;580;	956;468.68;397.932;296.65;997.693;192.441;	0.983877;0.698142;0.675351;0.425029;0.750687;0.632446;
./tmp//tQC_NA_NA_2.mzML.dia	P0C0L4;P0C0L5	P0C0L4;P0C0L5	CO4A_HUMAN;CO4B_HUMAN	C4A;C4B	101288	101288	101288	101288			AEFQDALEK	AEFQDALEK	AEFQDALEK2	2	0.00220264	0.0136986	0	17342.3	17342.3	0	2.06295	1324.8	2.02728	1377.41	0	0.413966	5.32946	0.956724	2.95183	0.161652	10786;7724;7349;6346;3033;3899;	10786;5898.43;5222.4;4007.48;2548.85;3775.88;	0.974531;0.898675;0.896861;0.958639;0.977805;0.945445;
./tmp//tQC_NA_NA_2.mzML.dia	P0C0L4;P0C0L5	P0C0L4;P0C0L5	CO4A_HUMAN;CO4B_HUMAN	C4A;C4B	101288	101288	101288	101288			AEFQDALEKLNMGITDLQGLR	AEFQDALEKLNMGITDLQGLR	AEFQDALEKLNMGITDLQGLR3	3	0.00625	0.0136986	0	5839.83	5839.83	0	4.29058	4282.6	4.1836	4322.89	0	0.340667	3.5377	0.948036	2.34781	0.551223	2825;1811;1629;672;1556;1806;	2825;1465.4;1549.43;266.98;1173.75;903.175;	0.952448;0.717158;0.751622;0.466501;0.575972;0.47147;
./tmp//tQC_NA_NA_2.mzML.dia	P0C0L5	P0C0L5	CO4B_HUMAN	C4B	11569.3	11569.3	11569.3	11569.3	11569.3	11569.3	AEMADQAAAWLTR	AEMADQAAAWLTR	AEMADQAAAWLTR2	2	0.00220264	0.0136986	1	7944.6	7944.6	0	3.14193	2845.8	3.04685	2951.51	0	0.726826	4.99073	0.956779	1.59164	0.141276	7148;3021;4315;2831;2665;2207;	4442.01;3021;3362.26;2540.67;2382.93;1201.11;	0.738496;0.953946;0.857984;0.949567;0.938748;0.777437;
./tmp//tQC_NA_NA_2.mzML.dia	P0C0L5	P0C0L5	CO4B_HUMAN	C4B	11569.3	11569.3	11569.3	11569.3	11569.3	11569.3	AEMADQAAAWLTR	AEMADQAAAWLTR	AEMADQAAAWLTR3	3	0.474604	0.0136986	1	9049.63	9049.63	0	3.02358	2850.6	3.05104	2817.5	0	0.0595482	2.36458	0.18544	3.36972	0.111007	4807;4216;348342;2420;2296;2453;	4807;0;2722.48;453.471;594.14;472.546;	0.941975;0.42028;0.591764;0.482952;0.234728;0.413593;
./tmp//tQC_NA_NA_2.mzML.dia	P00450	P00450	CERU_HUMAN	CP	71879.6	71879.6	71879.6	71879.6	71879.6	71879.6	AETGDKVYVHLK	AETGDKVYVHLK	AETGDKVYVHLK2	2	0.00625	0.0136986	1	2627.63	2627.63	0	1.57442	1019.2	1.60776	1007.39	0	0.0158866	3.88389	0.944742	0	-1e+07	7129;1409;725;4221;1070;429;	1270.79;1409;228.761;1552.25;839.873;378.759;	0.489695;0.925987;0.53906;0.523037;0.627605;0.703921;
./tmp//tQC_NA_NA_2.mzML.dia	P00450	P00450	CERU_HUMAN	CP	71879.6	71879.6	71879.6	71879.6	71879.6	71879.6	AETGDKVYVHLK	AETGDKVYVHLK	AETGDKVYVHLK3	3	0.00220264	0.0136986	1	10385.8	10385.8	0	1.58025	1006.4	1.5818	1010.17	0	0	4.42524	0.955322	0	-1e+07	8156;2636;1612;1852;3695;1295;	8156;1679.08;1099.79;1336.4;924.552;1130;	0.952963;0.881324;0.921597;0.862668;0.546224;0.969903;
./tmp//tQC_NA_NA_2.mzML.dia	P02760	P02760	AMBP_HUMAN	AMBP	51019.8	51019.8	51019.8	51019.8	51019.8	51019.8	AFIQLWAFDAVK	AFIQLWAFDAVK	AFIQLWAFDAVK2	2	0.00220264	0.0136986	1	51019.8	51019.8	0	4.31308	4323	4.31115	4328.74	0	0.971771	5.82394	0.956409	2.66042	0.213313	25554;19178;12442;14282;7476;4965;	25554;19071.7;11973.7;13887.2;6394.11;4514.29;	0.970102;0.971985;0.958224;0.967967;0.97058;0.964608;
./tmp//tQC_NA_NA_2.mzML.dia	P01008	P01008	ANT3_HUMAN	SERPINC1	262560	262560	262560	262560	262560	262560	AFLEVNEEGSEAAASTAVVIAGR	AFLEVNEEGSEAAASTAVVIAGR	AFLEVNEEGSEAAASTAVVIAGR3	3	0.00220264	0.0136986	1	13434.9	13434.9	0	3.40178	3601.9	3.47907	3410.3	0	0.563272	5.60944	0.956158	3.34663	0.2001	4147;6465;3668;4791;3531;2684;	4147;4759.41;3425.52;4528.45;2914.88;2214.66;	0.970352;0.947073;0.930013;0.968867;0.937684;0.92929;
./tmp//tQC_NA_NA_2.mzML.dia	P08571	P08571	CD14_HUMAN	CD14	2836.03	2836.03	2836.03	2836.03	2836.03	2836.03	AFPALTSLDLSDNPGLGER	AFPALTSLDLSDNPGLGER	AFPALTSLDLSDNPGLGER3	3	0.18083	0.025	1	12730.5	12730.5	0	3.85505	4134.4	3.83944	4125.02	0	-0.279906	2.72497	0.351697	2.87907	0.132807	11382;2584;561;3365;6790;3297;	4424.7;2584;0;1195.18;1826.69;2699.92;	0.0503251;0.870853;0.208407;0.355996;0.162801;0.355238;
./tmp//tQC_NA_NA_2.mzML.dia					3.49289e+06	3.49289e+06					AFSDGLAHLDNLK	AFSDGLAHLDNLK	AFSDGLAHLDNLK3	3	0.29883	1	0	5120.69	5120.69	0	2.65317	2365.3	2.77497	2124.72	0	0.763581	1.37849	0.261118	0	-1e+07	2747;4816;2606;840;5151;3138;	2747;392.988;195.877;0;1308.04;476.785;	0.915359;-0.130028;-0.0938615;-0.147646;0.323392;-0.043029;
./tmp//tQC_NA_NA_2.mzML.dia	P06396	P06396	GELS_HUMAN	GSN	21257.3	21257.3	21257.3	21257.3	21257.3	21257.3	AGALNSNDAFVLK	AGALNSNDAFVLK	AGALNSNDAFVLK2	2	0.00220264	0.0136986	1	20320.2	20320.2	0	2.72047	2276.2	2.71156	2228.04	0	0.827206	4.2307	0.956231	1.67129	0.138946	10476;6614;7480;5127;3716;5021;	9502.85;6614;5617.42;4203.36;2051.03;3629.04;	0.917669;0.955786;0.894174;0.938968;0.702075;0.906825;
./tmp//tQC_NA_NA_2.mzML.dia	P01024	P01024	CO3_HUMAN	C3	153839	153839	153839	153839	153839	153839	AGDFLEANYM(UniMod:35)NLQR	AGDFLEANYMNLQR	AGDFLEANYM(UniMod:35)NLQR2	2	0.0781759	0.0136986	1	22026.5	22026.5	0	2.84855	2446.3	2.84265	2502.47	0	0.114559	3.13074	0.484805	3.63642	0.574917	3438;3376;3594;2360;11488;2350;	2098.87;3053.72;3594;641.672;11386;1252.25;	0.352772;0.822643;0.957581;0.359084;0.936296;0.622577;
./tmp//tQC_NA_NA_2.mzML.dia	P01024	P01024	CO3_HUMAN	C3	153839	153839	153839	153839	153839	153839	AGDFLEANYMNLQR	AGDFLEANYMNLQR	AGDFLEANYMNLQR2	2	0.00220264	0.0136986	1	37883	37883	0	3.23043	3092.6	3.2143	3125.51	0	0.865522	5.50812	0.956459	2.75273	0.125542	23541;20885;14980;7315;20981;8203;	23541;20723.9;14166.6;6774.21;9815.48;7567.83;	0.947549;0.932259;0.931988;0.95551;0.634124;0.954158;
./tmp//tQC_NA_NA_2.mzML.dia	P01024	P01024	CO3_HUMAN	C3	153839	153839	153839	153839	153839	153839	AGDFLEANYMNLQR	AGDFLEANYMNLQR	AGDFLEANYMNLQR3	3	0.00220264	0.0136986	1	34296.9	34296.9	0	3.23497	3090.4	3.21333	3133.18	0	-0.124962	5.68361	0.956078	0	-1e+07	17878;11513;5659;7210;4524;2979;	17878;11513;4905.91;5171.27;3989.46;2233.67;	0.948333;0.968602;0.955408;0.851075;0.942781;0.942007;
./tmp//tQC_NA_NA_2.mzML.dia	P06396	P06396	GELS_HUMAN	GSN	21257.3	21257.3	21257.3	21257.3	21257.3	21257.3	AGKEPGLQIWR	AGKEPGLQIWR	AGKEPGLQIWR2	2	0.00220264	0.0136986	1	11981.6	11981.6	0	2.43595	1696.9	2.36624	1845.99	0	0.317261	3.59486	0.954521	2.93581	0.111687	5040;4985;2213;2646;8573;1427;	5027.06;4985;1969.55;1853.4;1696.27;578.746;	0.933656;0.968774;0.838468;0.727564;-0.1016;0.262515;
./tmp//tQC_NA_NA_2.mzML.dia	Q96PD5	Q96PD5	PGRP2_HUMAN	PGLYRP2	19050.9	19050.9	19050.9	19050.9	19050.9	19050.9	AGLLRPDYALLGHR	AGLLRPDYALLGHR	AGLLRPDYALLGHR2	2	0.0085592	0.0136986	1	3088.21	3088.21	0	2.76093	2253.3	2.6974	2322.65	0	0.310951	2.96329	0.925023	0	-1e+07	1529;1127;1840;1484;505;1153;	931.833;1127;865.125;1029.38;126.692;321.271;	0.686002;0.943379;0.37314;0.703672;0.399685;0.340712;
./tmp//tQC_NA_NA_2.mzML.dia	Q96PD5	Q96PD5	PGRP2_HUMAN	PGLYRP2	19050.9	19050.9	19050.9	19050.9	19050.9	19050.9	AGLLRPDYALLGHR	AGLLRPDYALLGHR	AGLLRPDYALLGHR3	3	0.00220264	0.0136986	1	6444.16	6444.16	0	2.75313	2285	2.71722	2302.4	0	0.877784	4.68375	0.954133	1.39297	0.0984719	10433;7969;3011;1400;4056;2689;	3353.82;4755.08;2379.45;1400;2664.71;1300.55;	0.368132;0.880014;0.946508;0.957254;0.899667;0.817524;
./tmp//tQC_NA_NA_2.mzML.dia					3.49289e+06	3.49289e+06					AGVANALAHK	AGVANALAHK	AGVANALAHK2	2	0.125389	1	0	39871.4	39871.4	0	1.93832	1200.7	1.90463	1238.78	0	-0.180656	3.16913	0.415318	0	-1e+07	1599;1494;27233;1736;5712;6498;	163.193;450.821;27013;578.345;5168.04;6498;	-0.0602464;0.185353;0.870937;0.425774;0.860741;0.910446;
./tmp//tQC_NA_NA_2.mzML.dia					3.49289e+06	3.49289e+06					AGVANALAHKYH	AGVANALAHKYH	AGVANALAHKYH2	2	0.0659091	1	0	5818.4	5818.4	0	2.02898	1311	2.01506	1339.4	0	0.459617	3.1939	0.561418	1.79784	0.267575	1685;1593;1193;5875;2668;3559;	844.838;772.448;1193;707.394;1070.76;1229.95;	0.132677;0.35801;0.900059;0.100913;0.401661;0.330722;
./tmp//tQC_NA_NA_2.mzML.dia					3.49289e+06	3.49289e+06					AHGNVAEGETKPDPDVTER	AHGNVAEGETKPDPDVTER	AHGNVAEGETKPDPDVTER3	3	0.14649	1	0	793.461	793.461	0	1.278	850.1	1.26035	871.856	0	0	2.26664	0.388548	1.51615	0.1446	819;290;391;633;192;582;	154.615;34.4615;391;153.503;0;59.8814;	-0.00307888;0.290331;0.815975;0.486138;0.115658;0.467325;
./tmp//tQC_NA_NA_2.mzML.dia					3.49289e+06	3.49289e+06					AHVDDM(UniMod:35)PNALSALSDLHAHK	AHVDDMPNALSALSDLHAHK	AHVDDM(UniMod:35)PNALSALSDLHAHK3	3	0.154545	1	0	9593.44	9593.44	0	3.69688	3579	3.46964	3958.46	0	0.247248	2.08686	0.381235	0	-1e+07	6499;2687;3537;3391;1451;1875;	6499;503.989;628.35;876.244;467.502;618.352;	0.954955;0.0418967;0.0632543;0.241706;0.182022;0.434734;
./tmp//tQC_NA_NA_2.mzML.dia					3.49289e+06	3.49289e+06					AHVDDMPNALSALSDLHAHK	AHVDDMPNALSALSDLHAHK	AHVDDMPNALSALSDLHAHK3	3	0.256075	1	0	22221.3	22221.3	0	3.78278	4154.9	3.86758	4062.21	0	0.47171	3.92257	0.288138	0	-1e+07	3298;1480;4295;4772;9947;4847;	3298;400.349;3096.39;3114.32;7507.51;4804.75;	0.978263;0.386886;0.699495;0.681241;0.755653;0.810864;
./tmp//tQC_NA_NA_2.mzML.dia	P19823	P19823	ITIH2_HUMAN	ITIH2	72324.5	72324.5	72324.5	72324.5	72324.5	72324.5	AHVSFKPTVAQQR	AHVSFKPTVAQQR	AHVSFKPTVAQQR2	2	0.00220264	0.0136986	1	15578.3	15578.3	0	1.48982	943.5	1.45117	968.242	0	0.956292	5.49708	0.956385	1.95076	0.0995859	8072;5091;6793;2971;2792;1508;	7847.15;4939.16;6713.12;2781.09;2792;968.398;	0.979294;0.968754;0.955807;0.945433;0.989655;0.831766;
./tmp//tQC_NA_NA_2.mzML.dia	P01031	P01031	CO5_HUMAN	C5	12429.9	12429.9	12429.9	12429.9	12429.9	12429.9	AIAYSSLSQSYLYIDWTDNHK	AIAYSSLSQSYLYIDWTDNHK	AIAYSSLSQSYLYIDWTDNHK3	3	0.011889	0.0136986	1	19034	19034	0	3.5885	3851.8	3.61586	3787.3	0	-0.0365615	2.80284	0.840681	0	-1e+07	3972;4235;6352;6453;3244;4418;	2299.02;3250.13;6352;3233.48;2413.25;1486.14;	0.401538;0.484089;0.959439;0.2649;0.526545;0.278797;
./tmp//tQC_NA_NA_2.mzML.dia	P02748	P02748	CO9_HUMAN	C9	16717.4	16717.4	16717.4	16717.4	16717.4	16717.4	AIEDYINEFSVR	AIEDYINEFSVR	AIEDYINEFSVR2	2	0.00220264	0.0136986	1	13786.1	13786.1	0	3.48723	3534.2	3.45066	3592.58	0	0.461924	4.69487	0.954561	0	-1e+07	3133;15594;3139;7884;3715;2265;	3133;15576.8;2797.48;7855.67;1868.3;1596.23;	0.962037;0.907929;0.967156;0.956944;0.772065;0.892038;
./tmp//tQC_NA_NA_2.mzML.dia	Q9UGM5	Q9UGM5	FETUB_HUMAN	FETUB	9754.97	9754.97	9754.97	9754.97	9754.97	9754.97	AIFYMNNPSR	AIFYMNNPSR	AIFYMNNPSR2	2	0.0155642	0.0136986	1	10768.1	10768.1	0	2.49675	1818.2	2.43721	1904.41	0	0.0250812	3.55584	0.807579	2.56324	0.157164	1469;2817;2683;5897;1101;3146;	1268.62;2817;1756.35;3065.5;264.124;1596.51;	0.629318;0.940863;0.588753;0.0380252;-0.0243744;0.382619;
./tmp//tQC_NA_NA_2.mzML.dia	P01023	P01023	A2MG_HUMAN	A2M	171027	171027	171027	171027	171027	171027	AIGYLNTGYQR	AIGYLNTGYQR	AIGYLNTGYQR2	2	0.00220264	0.0136986	1	101509	101509	0	2.27563	1552.2	2.24419	1588.18	0	0.986195	5.09746	0.956248	4.00541	0.236858	60399;43728;37991;52250;14478;8164;	60399;43418.7;34309.2;16084;12956.3;6800.71;	0.950991;0.950648;0.965051;0.302459;0.949655;0.957386;
./tmp//tQC_NA_NA_2.mzML.dia	P43652	P43652	AFAM_HUMAN	AFM	17731	17731	17731	17731	17731	17731	AIPVTQYLK	AIPVTQYLK	AIPVTQYLK2	2	0.0353659	0.0136986	1	37517.1	37517.1	0	2.65447	2363.1	2.77324	2126.45	0	0.525494	3.01381	0.693774	1.30761	0.101616	51385;7334;30471;2749;1626;5972;	14645.6;7334;13207.9;1026.17;261.103;1042.31;	0.443766;0.965067;0.432276;0.661675;0.594622;0.140694;
./tmp//tQC_NA_NA_2.mzML.dia	P23142	P23142	FBLN1_HUMAN	FBLN1	10557.8	10557.8	10557.8	10557.8	10557.8	10557.8	AITPPHPASQANIIFDITEGNLR	AITPPHPASQANIIFDITEGNLR	AITPPHPASQANIIFDITEGNLR3	3	0.00364299	0.0136986	1	7385.54	7385.54	0	3.81048	4115.1	3.82	4088.59	0	0.490182	3.13392	0.95369	0	-1e+07	6727;5231;4207;4057;3954;2717;	4486.99;2708.47;2729.66;1938.88;2052.62;2717;	0.477607;0.111882;0.64041;0.499936;0.369704;0.921216;
./tmp//tQC_NA_NA_2.mzML.dia	P13671	P13671	CO6_HUMAN	C6	11050.5	11050.5	11050.5	11050.5	11050.5	11050.5	AKDLHLSDVFLK	AKDLHLSDVFLK	AKDLHLSDVFLK3	3	0.0085592	0.0136986	1	2575.95	2575.95	0	2.7025	2184.3	2.65952	2195.89	0	0.544437	2.47412	0.913997	2.41684	0.128766	5528;1751;2716;4504;10388;969;	1393.25;572.26;294.531;1034.69;677.286;969;	0.0920584;0.494177;0.108487;0.501601;0.172228;0.914005;
./tmp//tQC_NA_NA_2.mzML.dia	P02774	P02774	VTDB_HUMAN	GC	53475.6	53475.6	53475.6	53475.6	53475.6	53475.6	AKLPDATPTELAK	AKLPDATPTELAK	AKLPDATPTELAK3	3	0.00937082	0.0136986	1	26487.5	26487.5	0	1.97488	1335.3	2.0365	1276.04	0	-0.094256	3.06188	0.895067	2.34657	0.0947528	16169;8135;13089;4378;7876;3206;	15117;8135;474.915;3235.55;1004.35;1014.16;	0.99558;0.992541;-0.121032;0.815801;0.00212619;0.344575;
./tmp//tQC_NA_NA_2.mzML.dia	P01011	P01011	AACT_HUMAN	SERPINA3	138152	138152	138152	138152	138152	138152	AKWEMPFDPQDTHQSR	AKWEMPFDPQDTHQSR	AKWEMPFDPQDTHQSR3	3	0.00220264	0.0136986	1	6467.18	6467.18	0	2.64647	2007	2.59241	2115.74	0	0.215897	5.16737	0.956517	2.80821	0.119867	6517;5075;5191;3759;4474;1756;	6517;5075;4927.4;3182.85;3199.75;1539.78;	0.994094;0.957504;0.957599;0.912109;0.863648;0.917498;
./tmp//tQC_NA_NA_2.mzML.dia	P01011	P01011	AACT_HUMAN	SERPINA3	138152	138152	138152	138152	138152	138152	AKWEMPFDPQDTHQSR	AKWEMPFDPQDTHQSR	AKWEMPFDPQDTHQSR4	4	0.00220264	0.0136986	1	28738.8	28738.8	0	2.6417	1999.6	2.58842	2109.31	0	0	5.70154	0.955587	1.58591	0.160274	18050;6134;4222;6824;7372;6045;	18050;5074.17;3600.42;5614.69;5697.95;3644.91;	0.984957;0.970751;0.957719;0.959328;0.902433;0.867027;
./tmp//tQC_NA_NA_2.mzML.dia	P04196	P04196	HRG_HUMAN	HRG	26183.3	26183.3	26183.3	26183.3	26183.3	26183.3	ALDLINKR	ALDLINKR	ALDLINKR2	2	0.00364299	0.0136986	1	7366.81	7366.81	0	1.83967	1165.5	1.86105	1156.65	0	0.847521	4.19472	0.953398	2.79248	0.139648	4340;1937;3359;15353;2968;1498;	4162.89;1705.91;1545.69;3612.27;1648.71;1498;	0.892564;0.851041;0.455275;0.275945;0.657242;0.939783;
./tmp//tQC_NA_NA_2.mzML.dia	Q96KN2	Q96KN2	CNDP1_HUMAN	CNDP1	3919.78	3919.78	3919.78	3919.78	3919.78	3919.78	ALEQDLPVNIK	ALEQDLPVNIK	ALEQDLPVNIK2	2	0.0131752	0.0531915	1	6107.55	6107.55	0	2.75617	2488.3	2.86988	2310.4	0	-0.103345	3.40724	0.827322	2.41139	0.0928321	1454;6425;1286;1948;691;1826;	1454;3085.51;579.809;1494.66;381.425;606.806;	0.953386;0.510111;0.543608;0.806258;0.782942;0.457819;
./tmp//tQC_NA_NA_2.mzML.dia	P00751	P00751	CFAB_HUMAN	CFB	29006.3	29006.3	29006.3	29006.3	29006.3	29006.3	ALFVSEEEK	ALFVSEEEK	ALFVSEEEK2	2	0.260019	0.0136986	1	32947.9	32947.9	0	1.84097	1391.6	2.08592	1157.59	0	-0.10316	3.55258	0.286092	2.31091	0.100866	6607;2288;21467;1950;8702;15271;	6607;1001.15;21299.1;1491.21;1715.3;2325.41;	0.976229;0.737739;0.984547;0.897792;-0.0192419;-0.150278;
./tmp//tQC_NA_NA_2.mzML.dia	P02766	P02766	TTHY_HUMAN	TTR	19222.3	19222.3	19222.3	19222.3	19222.3	19222.3	ALGISPFHEHAEVVFTANDSGPR	ALGISPFHEHAEVVFTANDSGPR	ALGISPFHEHAEVVFTANDSGPR3	3	0.00220264	0.0136986	1	10930.1	10930.1	0	2.89745	2683.9	2.94048	2594.97	0	0.717925	4.19093	0.955587	1.65248	0.14821	4589;3177;2453;3247;1269;1010;	4547.05;3136.06;2160.99;3247;1032.47;776.097;	0.856429;0.879093;0.811065;0.976705;0.798931;0.700286;
./tmp//tQC_NA_NA_2.mzML.dia	P02766	P02766	TTHY_HUMAN	TTR	19222.3	19222.3	19222.3	19222.3	19222.3	19222.3	ALGISPFHEHAEVVFTANDSGPR	ALGISPFHEHAEVVFTANDSGPR	ALGISPFHEHAEVVFTANDSGPR4	4	0.00220264	0.0136986	1	19222.3	19222.3	0	2.89182	2667.9	2.93498	2583.6	0	-0.00437065	5.33718	0.9557	1.65708	0.142481	7339;4141;8717;4121;5296;4238;	6870.32;3634.99;8717;1714.98;4189.66;3580.02;	0.974803;0.959483;0.979113;0.74345;0.946149;0.921687;
./tmp//tQC_NA_NA_2.mzML.dia	P02766	P02766	TTHY_HUMAN	TTR	19222.3	19222.3	19222.3	19222.3	19222.3	19222.3	ALGISPFHEHAEVVFTANDSGPRR	ALGISPFHEHAEVVFTANDSGPRR	ALGISPFHEHAEVVFTANDSGPRR4	4	0.105485	0.0136986	1	5681.96	5681.96	0	2.7328	2330	2.7482	2253.36	0	0.0361495	1.93464	0.448025	0	-1e+07	3489;984;18775;2792;865;1080;	696.346;556.28;1691.23;1422.45;865;450.649;	-0.316862;0.6733;-0.0321854;0.223442;0.879411;0.480723;
./tmp//tQC_NA_NA_2.mzML.dia	P02766	P02766	TTHY_HUMAN	TTR	19222.3	19222.3	19222.3	19222.3	19222.3	19222.3	ALGISPFHEHAEVVFTANDSGPRR	ALGISPFHEHAEVVFTANDSGPRR	ALGISPFHEHAEVVFTANDSGPRR5	5	0.00937082	0.0136986	1	5103.02	5103.02	0	2.74123	2327.4	2.74632	2272.51	0	0.227379	2.83653	0.882623	2.96333	0.173737	2677;3989;1571;3867;11303;3405;	1597.83;1936.63;1571;1934.19;2792.84;1073.98;	0.703325;0.544671;0.960703;0.573137;0.307026;-0.160105;
./tmp//tQC_NA_NA_2.mzML.dia	P01023	P01023	A2MG_HUMAN	A2M	171027	171027	171027	171027	171027	171027	ALLAYAFALAGNQDKR	ALLAYAFALAGNQDKR	ALLAYAFALAGNQDKR3	3	0.00220264	0.0136986	1	14476.5	14476.5	0	3.58113	3625.2	3.48872	3774.22	0	0.215955	5.49108	0.955425	2.61933	0.38411	7012;7155;3812;7308;3944;5104;	7012;5997.09;3544.39;5278.79;3920.13;4598.46;	0.958372;0.845584;0.923848;0.830944;0.922789;0.914376;
./tmp//tQC_NA_NA_2.mzML.dia	P01031	P01031	CO5_HUMAN	C5	12429.9	12429.9	12429.9	12429.9	12429.9	12429.9	ALLVGEHLNIIVTPK	ALLVGEHLNIIVTPK	ALLVGEHLNIIVTPK3	3	0.0085592	0.0136986	1	8004.95	8004.95	0	3.2473	3319.6	3.32131	3153.63	0	0	3.9977	0.92396	0	-1e+07	2083;4656;2930;2185;1014;3144;	244.992;3198.28;2621.68;2185;835.949;1459.84;	-0.117559;0.973321;0.977436;0.971135;0.932811;0.654217;
./tmp//tQC_NA_NA_2.mzML.dia	P13671	P13671	CO6_HUMAN	C6	11050.5	11050.5	11050.5	11050.5	11050.5	11050.5	ALNHLPLEYNSALYSR	ALNHLPLEYNSALYSR	ALNHLPLEYNSALYSR3	3	0.00364299	0.0136986	1	11050.5	11050.5	0	2.89182	2637.1	2.92534	2583.6	0	0.0911673	3.85627	0.953719	2.29134	0.186813	3584;3210;5476;3641;4286;6919;	3584;3180.48;4121.18;2681.65;4286;4217.73;	0.895867;0.90402;0.73969;0.559611;0.938585;0.510915;
./tmp//tQC_NA_NA_2.mzML.dia	P12111	P12111	CO6A3_HUMAN	COL6A3	6324.39	6324.39	6324.39	6324.39	6324.39	6324.39	ALNLGYALDYAQR	ALNLGYALDYAQR	ALNLGYALDYAQR2	2	0.224254	0.0531915	1	15605.1	15605.1	0	3.01903	3272.5	3.29443	2813.31	0	0.388329	3.42958	0.315805	0	-1e+07	1712;4187;6686;4280;4046;2015;	1416.74;4187;3456.49;2450.44;2850.07;1244.34;	0.0771048;0.972158;0.595355;0.419605;0.457662;0.250316;
./tmp//tQC_NA_NA_2.mzML.dia	P01019	P01019	ANGT_HUMAN	AGT	21230	21230	21230	21230	21230	21230	ALQDQLVLVAAK	ALQDQLVLVAAK	ALQDQLVLVAAK2	2	0.00220264	0.0136986	1	9128.39	9128.39	0	2.95392	2868	3.06628	2723.02	0	0.916501	5.69563	0.954346	1.62468	0.117188	4390;3098;2239;2890;5027;2641;	3904.27;3098;2126.12;2393.91;4257.03;2190.14;	0.953122;0.960571;0.971279;0.907854;0.945446;0.934156;
./tmp//tQC_NA_NA_2.mzML.dia					3.49289e+06	3.49289e+06					ALSALSDLHAH	ALSALSDLHAH	ALSALSDLHAH2	2	0.340909	1	0	12898.9	12898.9	0	2.26157	1506.7	2.19802	1567.73	0	0.324486	2.7302	0.235237	3.79017	0.20934	8084;3865;8073;7856;2830;3670;	2405.69;1536.94;1779.36;2599.04;2830;1747.87;	0.5678;0.498597;0.564932;0.0310677;0.974766;0.120787;
./tmp//tQC_NA_NA_2.mzML.dia	P02671	P02671	FIBA_HUMAN	FGA	12871.9	12871.9	12871.9	12871.9	12871.9	12871.9	ALTDM(UniMod:35)PQMR	ALTDMPQMR	ALTDM(UniMod:35)PQMR2	2	0.327739	0.182692	1	4487.18	4487.18	0	1.82907	1053.7	1.67569	1149.16	0	0.160599	2.03923	0.243394	2.78757	0.283967	2783;1134;1487;2914;1160;1683;	604.062;187.119;193.303;1072.01;747.684;1683;	0.0764389;-0.0707817;-0.070734;0.232528;0.257009;0.918536;
./tmp//tQC_NA_NA_2.mzML.dia	P04745;P04746;P19961	P04745;P04746;P19961	AMY1_HUMAN;AMY2B_HUMAN;AMYP_HUMAN	AMY1A;AMY2A;AMY2B	4529.66	4529.66	4529.66	4529.66			ALVFVDNHDNQR	ALVFVDNHDNQR	ALVFVDNHDNQR3	3	0.181639	1	0	4529.66	4529.66	0	2.02465	1306.3	2.01086	1333.93	0	0	2.39191	0.351252	2.9322	0.16146	800;680;2156;2467;1248;1781;	268.919;184.681;881.55;1209.38;204.134;1781;	0.664668;0.457128;0.396059;0.655493;0.0460649;0.968618;
./tmp//tQC_NA_NA_2.mzML.dia	P02768	P02768	ALBU_HUMAN	ALB	6.02018e+06	6.02018e+06	6.52224e+06	6.52224e+06	6.52224e+06	6.52224e+06	ALVLIAFAQ	ALVLIAFAQ	ALVLIAFAQ2	2	0.00220264	0.0136986	1	34288.1	34288.1	0	4.14583	4350.1	4.39775	4275.55	0	-0.0922259	5.82392	0.955095	0	-1e+07	25413;17561;8728;12305;4526;4910;	25413;17473;7555.03;10849.6;4275.04;4600.09;	0.982043;0.97795;0.957511;0.969395;0.981782;0.981283;
./tmp//tQC_NA_NA_2.mzML.dia	P02768	P02768	ALBU_HUMAN	ALB	6.02018e+06	6.02018e+06	6.52224e+06	6.52224e+06	6.52224e+06	6.52224e+06	ALVLIAFAQYLQQC(UniMod:4)PFEDHVK	ALVLIAFAQYLQQCPFEDHVK	ALVLIAFAQYLQQC(UniMod:4)PFEDHVK3	3	0.00220264	0.0136986	1	3.14158e+06	3.14158e+06	0	4.73542	4488.1	4.82458	4441.2	0	0.977973	5.88635	0.955218	2.39318	0.25072	2.31748e+06;670717;760202;64741;27816;58636;	2.31748e+06;661335;759996;64106.6;22470.3;57579.9;	0.991582;0.975739;0.989729;0.983634;0.940849;0.973602;
./tmp//tQC_NA_NA_2.mzML.dia	P06727	P06727	APOA4_HUMAN	APOA4	59703.7	59703.7	59703.7	59703.7	59703.7	59703.7	ALVQQMEQLR	ALVQQMEQLR	ALVQQMEQLR2	2	0.00220264	0.0136986	1	40778.6	40778.6	0	2.63283	2023	2.60006	2097.12	0	0.208034	5.49212	0.956317	2.16997	0.214046	13685;18310;11359;6940;8486;7319;	13685;16680.4;10413.2;6397.89;5735.21;5906.67;	0.962638;0.966557;0.948427;0.94765;0.895785;0.936647;
./tmp//tQC_NA_NA_2.mzML.dia	P00450	P00450	CERU_HUMAN	CP	71879.6	71879.6	71879.6	71879.6	71879.6	71879.6	ALYLQYTDETFR	ALYLQYTDETFR	ALYLQYTDETFR2	2	0.00220264	0.0136986	1	26349.4	26349.4	0	3.1058	2873.1	3.07076	2893.96	0	0.387085	5.43976	0.956026	2.98304	0.2332	13740;10093;8642;11834;7692;5394;	13720.4;10093;6638.48;11225.7;7692;4937;	0.953695;0.941442;0.861632;0.931311;0.959341;0.944428;
./tmp//tQC_NA_NA_2.mzML.dia	P07357	P07357	CO8A_HUMAN	C8A	7278.27	7278.27	7278.27	7278.27	7278.27	7278.27	AMAVEDIISR	AMAVEDIISR	AMAVEDIISR2	2	0.0191327	0.0365854	1	18542.2	18542.2	0	2.80375	2367.4	2.77664	2418.42	0	0.331158	2.09513	0.762339	2.61996	0.184342	5939;6577;9902;14135;5669;1881;	5939;2559.63;1264.21;5604.64;2771.22;403.523;	0.983149;0.439278;0.0525338;0.495421;0.370679;0.330029;
./tmp//tQC_NA_NA_2.mzML.dia	P01019	P01019	ANGT_HUMAN	AGT	21230	21230	21230	21230	21230	21230	ANAGKPKDPTFIPAPIQAK	ANAGKPKDPTFIPAPIQAK	ANAGKPKDPTFIPAPIQAK3	3	0.00220264	0.0136986	1	8015.24	8015.24	0	2.28883	1711	2.37493	1607.83	0	-0.0464121	4.38747	0.955954	2.71783	0.0999694	4326;3359;913;838;1239;1709;	4326;2885.86;803.389;317.806;425.307;733.234;	0.9826;0.890448;0.843048;0.743063;0.627163;0.572796;
./tmp//tQC_NA_NA_2.mzML.dia					3.49289e+06	3.49289e+06					ANALAHKYH	ANALAHKYH	ANALAHKYH2	2	0.208171	1	0	11398.5	11398.5	0	2.06252	1256.8	1.96452	1377	0	-0.0838197	2.48775	0.329562	0	-1e+07	2623;6845;1971;3725;2289;2768;	2623;2806.54;809.656;2534.52;1168.98;1455.82;	0.938031;0.597692;0.450081;0.193079;0.105919;0.395189;
./tmp//tQC_NA_NA_2.mzML.dia	P01008	P01008	ANT3_HUMAN	SERPINC1	262560	262560	262560	262560	262560	262560	ANRPFLVFIREVPLNTIIFMGR	ANRPFLVFIREVPLNTIIFMGR	ANRPFLVFIREVPLNTIIFMGR4	4	0.21165	0.0136986	1	2683.85	2683.85	0	4.70598	4443.1	4.68585	4432.08	0	0.0241059	2.45175	0.326144	1.38368	0.0999682	1750;1369;65;97;201;465;	1750;744.071;20.8698;0;0;168.913;	0.86065;0.311356;0.409496;0.280491;-0.154806;0.415612;
./tmp//tQC_NA_NA_2.mzML.dia	Q14624	Q14624	ITIH4_HUMAN	ITIH4	53564.2	53564.2	53564.2	53564.2	53564.2	53564.2	ANTVQEATFQMELPK	ANTVQEATFQMELPK	ANTVQEATFQMELPK3	3	0.00220264	0.0136986	1	10913.8	10913.8	0	3.05083	2859.9	3.05917	2840.56	0	-0.0362991	3.40446	0.954345	0	-1e+07	3992;4616;2775;7392;2850;3836;	3992;4484.53;2437.25;3677.01;1714.34;1913.57;	0.977716;0.88034;0.816153;0.297458;0.737199;0.474164;
./tmp//tQC_NA_NA_2.mzML.dia	Q14624	Q14624	ITIH4_HUMAN	ITIH4	53564.2	53564.2	53564.2	53564.2	53564.2	53564.2	ANTVQEATFQMELPKK	ANTVQEATFQMELPKK	ANTVQEATFQMELPKK3	3	0.00220264	0.0136986	1	3661.24	3661.24	0	2.60818	2100	2.62625	2060.37	0	0.2279	3.66857	0.954201	2.27157	0.122667	1589;1875;1817;4528;2308;3223;	1589;850.47;639.812;497.688;470.231;1432.43;	0.955438;0.747983;0.797655;0.00253678;0.339891;0.806025;
./tmp//tQC_NA_NA_2.mzML.dia	P15311;P26038;P35241	P15311;P26038;P35241	EZRI_HUMAN;MOES_HUMAN;RADI_HUMAN	EZR;MSN;RDX	7971.96	7971.96	7971.96	7971.96			APDFVFYAPR	APDFVFYAPR	APDFVFYAPR2	2	0.703437	1	0	18037.6	18037.6	0	3.23627	3049.1	3.19445	3135.36	0	0.111695	2.33857	0.129842	0	-1e+07	5827;1788;2879;2721;8536;8498;	5635.49;203.422;433.335;472.013;8536;2757.39;	0.895594;0.02378;0.149101;-0.213301;0.973899;0.176589;
./tmp//tQC_NA_NA_2.mzML.dia					3.49289e+06	3.49289e+06					APHGPGLIYR	APHGPGLIYR	APHGPGLIYR2	2	0.00220264	1	0	4033.5	4033.5	0	1.8414	1133	1.81426	1157.9	0	0.191485	4.32975	0.954485	1.75708	0.135419	2457;1529;1382;963;1537;2320;	2457;1144.24;549.183;432.262;450.016;374.218;	0.973237;0.954177;0.744314;0.792107;0.713737;0.303883;
./tmp//tQC_NA_NA_2.mzML.dia	P01024	P01024	CO3_HUMAN	C3	153839	153839	153839	153839	153839	153839	APSTWLTAYVVK	APSTWLTAYVVK	APSTWLTAYVVK2	2	0.00220264	0.0136986	1	10624.9	10624.9	0	3.47318	3436.4	3.40119	3563.09	0	0.357889	3.56273	0.954388	3.22387	0.273412	5747;4592;2550;5652;7265;2780;	3405.09;3753.28;1092.05;4091.6;2804.23;2780;	0.649635;0.84675;0.315259;0.801591;0.365782;0.979702;
./tmp//tQC_NA_NA_2.mzML.dia	P0DMV8;P0DMV9	P0DMV8;P0DMV9	HS71A_HUMAN;HS71B_HUMAN	HSPA1A;HSPA1B	22614.1	22614.1	22614.1	22614.1			AQIHDLVLVGGSTR	AQIHDLVLVGGSTR	AQIHDLVLVGGSTR2	2	0.113089	1	0	8075.15	8075.15	0	2.48875	1896.3	2.49705	1897.8	0	0.798284	1.98992	0.438486	0	-1e+07	3895;690;3049;507;217;6613;	1210.55;162.422;0;89.1733;0;6613;	0.283455;0.467265;-0.0677767;0.373465;-0.0052195;0.981429;
./tmp//tQC_NA_NA_2.mzML.dia	P06396	P06396	GELS_HUMAN	GSN	21257.3	21257.3	21257.3	21257.3	21257.3	21257.3	AQPVQVAEGSEPDGFWEALGGK	AQPVQVAEGSEPDGFWEALGGK	AQPVQVAEGSEPDGFWEALGGK3	3	0.482959	0.0136986	1	43389.8	43389.8	0	3.42645	3872.4	3.62982	3461.17	0	-0.153877	3.42883	0.182239	2.73838	0.176203	21934;12802;7682;4237;10661;7891;	21660.4;12802;4875.22;1383.17;1889.81;779.171;	0.965216;0.988668;0.900427;0.42231;0.116634;-0.378306;
./tmp//tQC_NA_NA_2.mzML.dia	Q6UXB8	Q6UXB8	PI16_HUMAN	PI16	7158.17	7158.17	7158.17	7158.17	7158.17	7158.17	AQVSPTASDMLHMR	AQVSPTASDMLHMR	AQVSPTASDMLHMR2	2	0.0426035	0.196262	1	7158.17	7158.17	0	2.57593	1753	2.39913	2001.02	0	0.409714	2.69564	0.630772	0	-1e+07	1858;2514;1001;567;2806;1513;	1858;2490.79;109.966;307.721;1563.34;828.354;	0.939233;0.829283;-0.119525;0.645889;0.672223;0.542172;
./tmp//tQC_NA_NA_2.mzML.dia	P02538;P04259;P19013;P35908;P48668;Q01546	P02538;P04259;P19013;P35908;P48668;Q01546	K22E_HUMAN;K22O_HUMAN;K2C4_HUMAN;K2C6A_HUMAN;K2C6B_HUMAN;K2C6C_HUMAN	KRT2;KRT4;KRT6A;KRT6B;KRT6C;KRT76	8694.44	8694.44	8694.44	8694.44			AQYEEIAQR	AQYEEIAQR	AQYEEIAQR2	2	0.512336	0.231481	0	8694.44	8694.44	0	1.53352	989.5	1.54708	988.219	0	-0.161183	2.11052	0.173285	3.44856	0.217262	742;4760;4204;930;498;448;	162.163;3863.04;4204;376.402;59.0888;29.7409;	0.15773;0.802308;0.94422;0.311706;-0.123899;0.130749;
./tmp//tQC_NA_NA_2.mzML.dia	P11142;P54652	P11142;P54652	HSP72_HUMAN;HSP7C_HUMAN	HSPA2;HSPA8	7232.27	7232.27	7232.27	7232.27			ARFEELNADLFR	ARFEELNADLFR	ARFEELNADLFR2	2	0.275735	0.338983	0	7232.27	7232.27	0	2.92038	2702.2	2.94739	2644.64	0	-0.0513355	2.70454	0.275944	2.44139	0.0950908	1971;11266;2261;2298;1278;1580;	1104.18;1231.28;2261;1381.57;439.333;814.912;	0.567548;0.425144;0.889319;0.0624802;0.194112;0.516313;
./tmp//tQC_NA_NA_2.mzML.dia	P11142;P54652	P11142;P54652	HSP72_HUMAN;HSP7C_HUMAN	HSPA2;HSPA8	7232.27	7232.27	7232.27	7232.27			ARFEELNADLFR	ARFEELNADLFR	ARFEELNADLFR3	3	0.599676	0.338983	0	11523.6	11523.6	0	3.15967	2720.6	2.95562	2989.88	0	0.463805	2.00632	0.148755	1.84875	0.0960928	4347;18952;2854;3231;6274;3073;	1261.54;540.052;2854;3019.14;1020.08;2828.76;	-0.135923;0.131694;0.931345;0.677163;0.110076;0.660111;
./tmp//tQC_NA_NA_2.mzML.dia	P0C0L4;P0C0L5	P0C0L4;P0C0L5	CO4A_HUMAN;CO4B_HUMAN	C4A;C4B	101288	101288	101288	101288			ASAGLLGAHAAAITAYALTLTK	ASAGLLGAHAAAITAYALTLTK	ASAGLLGAHAAAITAYALTLTK3	3	0.00220264	0.0136986	0	22063.4	22063.4	0	4.01667	4195.7	3.94607	4216.67	0	0.971349	5.78722	0.955986	2.43517	0.126213	12584;9048;9822;7618;7029;3984;	10496.2;8580.83;8551.7;6482.71;7029;3330.35;	0.97212;0.969655;0.975381;0.972911;0.978535;0.968319;
./tmp//tQC_NA_NA_2.mzML.dia	Q08380	Q08380	LG3BP_HUMAN	LGALS3BP	22201.1	22201.1	22201.1	22201.1	22201.1	22201.1	ASHEEVEGLVEK	ASHEEVEGLVEK	ASHEEVEGLVEK2	2	0.496284	0.41129	1	6921.2	6921.2	0	1.91928	1055.4	1.67895	1220.98	0	0.350161	2.07466	0.176653	1.97924	0.134468	322;833;4556;2363;3223;4379;	118.418;411.329;4556;1135.49;454.225;245.741;	0.441227;0.70838;0.953105;0.66218;-0.109649;-0.261858;
./tmp//tQC_NA_NA_2.mzML.dia	P01008	P01008	ANT3_HUMAN	SERPINC1	262560	262560	262560	262560	262560	262560	ATEDEGSEQKIPEATNR	ATEDEGSEQKIPEATNR	ATEDEGSEQKIPEATNR3	3	0.00220264	0.0136986	1	15121.1	15121.1	0	1.33837	880.2	1.32067	900.025	0	0.962093	5.67889	0.955641	0	-1e+07	11533;2073;2056;2038;1681;1488;	11372;2068.13;1896.67;1831.74;1681;1146.1;	0.953679;0.977441;0.944768;0.950054;0.958868;0.89181;
./tmp//tQC_NA_NA_2.mzML.dia	P01008	P01008	ANT3_HUMAN	SERPINC1	262560	262560	262560	262560	262560	262560	ATEDEGSEQKIPEATNRR	ATEDEGSEQKIPEATNRR	ATEDEGSEQKIPEATNRR3	3	0.00364299	0.0136986	1	1831.58	1831.58	0	1.20443	818.4	1.19684	836.647	0	0.911062	4.2723	0.953502	0	-1e+07	819;650;664;1440;533;179;	819;511.819;540.098;306.828;500.76;62.7417;	0.957914;0.845841;0.837313;0.301813;0.904107;0.69828;
./tmp//tQC_NA_NA_2.mzML.dia	P04114	P04114	APOB_HUMAN	APOB	43710.3	43710.3	43710.3	43710.3	43710.3	43710.3	ATLYALSHAVNNYHK	ATLYALSHAVNNYHK	ATLYALSHAVNNYHK3	3	0.00625	0.0136986	1	11393.1	11393.1	0	2.29857	1525.8	2.21752	1622.6	0	0.398561	3.48525	0.944001	2.23586	0.284536	3048;9250;6164;4638;8387;3974;	2510.48;5349.75;6164;3874.41;4931.58;2718.64;	0.691081;0.233142;0.954474;0.468283;0.163439;0.56839;
./tmp//tQC_NA_NA_2.mzML.dia	P01023;P20742	P01023;P20742	A2MG_HUMAN;PZP_HUMAN	A2M;PZP	302205	302205	302205	302205			ATVLNYLPK	ATVLNYLPK	ATVLNYLPK2	2	0.00220264	0.0136986	0	68830	68830	0	2.97512	2607.2	2.91646	2760.66	0	0.432974	5.58534	0.956043	2.86649	0.20813	30802;17425;20603;24715;7008;6441;	30802;17425;20603;22615.1;5750.62;4482.04;	0.976525;0.988837;0.984396;0.940778;0.955513;0.773172;
./tmp//tQC_NA_NA_2.mzML.dia	P02749	P02749	APOH_HUMAN	APOH	41451.4	41451.4	41451.4	41451.4	41451.4	41451.4	ATVVYQGER	ATVVYQGER	ATVVYQGER2	2	0.00220264	0.0136986	1	28660.4	28660.4	0	1.34723	912.4	1.38641	904.077	0	0.935295	5.58336	0.956549	2.9251	0.184033	28094;39014;23482;13451;9728;5528;	27136.2;38532.3;23312.6;13451;9728;5481.4;	0.911687;0.922008;0.927739;0.944241;0.940621;0.950786;
./tmp//tQC_NA_NA_2.mzML.dia	P04217	P04217	A1BG_HUMAN	A1BG	57438.7	57438.7	57438.7	57438.7	57438.7	57438.7	ATWSGAVLAGR	ATWSGAVLAGR	ATWSGAVLAGR2	2	0.0085592	0.0136986	1	18746.4	18746.4	0	2.45802	1820.2	2.43849	1870.68	0	0.738528	5.39207	0.921902	3.22044	0.17742	10846;9435;4668;19144;10452;4710;	10755.7;9435;4601.44;13752.5;7970.87;4710;	0.865817;0.935372;0.960442;0.847885;0.863741;0.954681;
./tmp//tQC_NA_NA_2.mzML.dia					3.49289e+06	3.49289e+06					ATWTELPWPHEK	ATWTELPWPHEK	ATWTELPWPHEK2	2	0.321809	1	0	13967	13967	0	3.01903	2916.2	3.10799	2813.31	0	0.0988551	3.47767	0.24768	3.99702	0.463924	3199;3006;2622;3339;3977;4210;	1987.37;3006;1703.73;2380.65;3177.59;1711.69;	0.432624;0.919206;0.414274;0.507711;0.726588;0.276756;
./tmp//tQC_NA_NA_2.mzML.dia					3.49289e+06	3.49289e+06					AVAHVDDM(UniMod:35)PNALSALSDLHAHK	AVAHVDDMPNALSALSDLHAHK	AVAHVDDM(UniMod:35)PNALSALSDLHAHK3	3	0.136972	1	0	3882.31	3882.31	0	2.41562	2141.2	2.63996	1816.2	0	0	2.56112	0.400787	0	-1e+07	1654;831;2487;924;920;1044;	763.653;831;1025.16;309.272;452.191;501.039;	0.385292;0.922578;0.504354;0.341869;0.627318;0.350985;
./tmp//tQC_NA_NA_2.mzML.dia					3.49289e+06	3.49289e+06					AVAHVDDMPNAL	AVAHVDDMPNAL	AVAHVDDMPNAL2	2	0.039807	1	0	11815	11815	0	2.70727	2018.6	2.59808	2203.95	0	0.330443	2.77688	0.662719	0	-1e+07	3717;3498;3490;1718;3209;8844;	2839.31;3498;1735.56;1016.8;1489.4;1235.9;	0.43478;0.930725;0.431039;0.419158;0.25869;-0.0141352;
./tmp//tQC_NA_NA_2.mzML.dia					3.49289e+06	3.49289e+06					AVAHVDDMPNALSALSDLHAH	AVAHVDDMPNALSALSDLHAH	AVAHVDDMPNALSALSDLHAH3	3	0.0709534	1	0	8958.86	8958.86	0	3.48723	3309.3	3.31504	3592.58	0	-0.0200224	1.94648	0.535378	0	-1e+07	4700;3225;1503;2469;3193;2009;	1867.46;3225;774.067;1144.28;1357.02;591.037;	0.470322;0.910382;0.0230088;0.548928;0.122816;0.0959937;
./tmp//tQC_NA_NA_2.mzML.dia					3.49289e+06	3.49289e+06					AVAHVDDMPNALSALSDLHAH	AVAHVDDMPNALSALSDLHAH	AVAHVDDMPNALSALSDLHAH4	4	0.468567	1	0	9297.13	9297.13	0	3.33362	3310.9	3.316	3290.21	0	0.176955	2.00931	0.188289	2.00922	0.192655	2349;2482;4902;1421;3241;4088;	644.938;1152.84;4902;379.822;1082.5;1135.03;	-0.219971;0.15672;0.961682;-0.189331;0.129525;0.311236;
./tmp//tQC_NA_NA_2.mzML.dia					3.49289e+06	3.49289e+06					AVAHVDDMPNALSALSDLHAHK	AVAHVDDMPNALSALSDLHAHK	AVAHVDDMPNALSALSDLHAHK3	3	0.0754098	1	0	8658.3	8658.3	0	3.08157	2867.3	3.06567	2867.35	0	-0.0325956	2.53229	0.501195	0	-1e+07	1918;2690;2641;1955;2424;1443;	956.588;2261.7;2641;1127.82;914.243;756.958;	0.212257;0.787053;0.950918;0.498061;0.0171644;0.396172;
./tmp//tQC_NA_NA_2.mzML.dia	Q08380	Q08380	LG3BP_HUMAN	LGALS3BP	22201.1	22201.1	22201.1	22201.1	22201.1	22201.1	AVDTWSWGER	AVDTWSWGER	AVDTWSWGER2	2	0.498763	0.41129	1	5660.49	5660.49	0	2.6324	2100.2	2.62631	2096.52	0	0.106732	2.4826	0.176323	2.82344	0.277301	1745;2552;3469;3742;2875;1220;	1745;810.754;503.246;752.089;1323.91;525.488;	0.956961;0.222169;0.191213;0.222329;0.472492;0.221838;
./tmp//tQC_NA_NA_2.mzML.dia	P55058	P55058	PLTP_HUMAN	PLTP	1253.32	1253.32	1253.32	1253.32	1253.32	1253.32	AVEPQLQEEER	AVEPQLQEEER	AVEPQLQEEER2	2	0.00937082	0.0531915	1	1253.32	1253.32	0	1.6603	1069.9	1.70628	1049.94	0	-0.156413	3.64771	0.857858	3.47374	0.158646	909;595;1267;1224;1196;3803;	390.269;595;319.489;335.091;268.05;457.945;	0.752648;0.913546;0.473394;0.340704;0.548236;0.531323;
./tmp//tQC_NA_NA_2.mzML.dia	P08253	P08253	MMP2_HUMAN	MMP2	7010.36	7010.36	7010.36	7010.36	7010.36	7010.36	AVFFAGNEYWIYSASTLER	AVFFAGNEYWIYSASTLER	AVFFAGNEYWIYSASTLER3	3	0.354113	0.416	1	53329.5	53329.5	0	4.1413	4274.2	4.15786	4273.71	0	0.031138	3.43261	0.229536	3.93233	0.61342	17559;3456;28710;6928;1788;13024;	17559;1410.16;25822.5;3062.32;1064.72;4410.8;	0.967558;0.397871;0.833689;0.73856;0.540512;0.0646223;
./tmp//tQC_NA_NA_2.mzML.dia	P0C0L4;P0C0L5	P0C0L4;P0C0L5	CO4A_HUMAN;CO4B_HUMAN	C4A;C4B	101288	101288	101288	101288			AVGSGATFSHYYYMILSR	AVGSGATFSHYYYMILSR	AVGSGATFSHYYYMILSR3	3	0.00220264	0.0136986	0	12527.1	12527.1	0	3.58417	3677.2	3.51139	3779.63	0	0.934898	5.31088	0.955834	0	-1e+07	11274;7511;6169;4312;3539;3289;	10757.7;6425.78;5960.64;3677.19;3539;3027.44;	0.890227;0.900816;0.936242;0.90107;0.924575;0.925676;
./tmp//tQC_NA_NA_2.mzML.dia	P06681	P06681	CO2_HUMAN	C2	9218.82	9218.82	9218.82	9218.82	9218.82	9218.82	AVISPGFDVFAK	AVISPGFDVFAK	AVISPGFDVFAK2	2	0.00220264	0.0136986	1	9218.82	9218.82	0	3.43488	3449.2	3.40863	3479.78	0	0.505504	4.07135	0.955667	0	-1e+07	5156;2506;4559;2217;23873;3354;	3733.82;2506;2979.01;1280.92;1406.89;995.885;	0.961398;0.97468;0.900318;0.852023;-0.111699;0.64439;
./tmp//tQC_NA_NA_2.mzML.dia	P01011	P01011	AACT_HUMAN	SERPINA3	138152	138152	138152	138152	138152	138152	AVLDVFEEGTEASAATAVK	AVLDVFEEGTEASAATAVK	AVLDVFEEGTEASAATAVK3	3	0.00220264	0.0136986	1	29482.4	29482.4	0	3.34898	3433.8	3.39963	3315.38	0	0.338843	5.22872	0.95565	3.23011	0.368351	13352;10407;13890;10782;7400;6692;	13352;10273.8;9806.08;6435.49;6001.04;5856.57;	0.95098;0.945516;0.809194;0.776152;0.909812;0.929122;
./tmp//tQC_NA_NA_2.mzML.dia	P02768	P02768	ALBU_HUMAN	ALB	6.02018e+06	6.02018e+06	6.52224e+06	6.52224e+06	6.52224e+06	6.52224e+06	AVM(UniMod:35)DDFAAFVEK	AVMDDFAAFVEK	AVM(UniMod:35)DDFAAFVEK2	2	0.00220264	0.0136986	1	21645.2	21645.2	0	3.10363	3186.9	3.25423	2891.28	0	0.984079	5.69627	0.956417	0	-1e+07	11217;6072;12213;8249;6799;8662;	11217;5911.04;9123.18;7363.22;6269.38;8370.94;	0.951586;0.975474;0.904943;0.953983;0.948319;0.957824;
./tmp//tQC_NA_NA_2.mzML.dia	P02768	P02768	ALBU_HUMAN	ALB	6.02018e+06	6.02018e+06	6.52224e+06	6.52224e+06	6.52224e+06	6.52224e+06	AVMDDFAAFVEK	AVMDDFAAFVEK	AVMDDFAAFVEK2	2	0.00220264	0.0136986	1	2.66253e+06	2.66253e+06	0	3.62117	3790.1	3.5745	3843.1	0	0.963755	5.88282	0.956314	3.15378	0.367207	1.09812e+06;997165;567523;616266;484773;506547;	1.09812e+06;997165;567248;616266;465228;506547;	0.982979;0.986909;0.983211;0.982008;0.9592;0.97621;
./tmp//tQC_NA_NA_2.mzML.dia	P05154	P05154	IPSP_HUMAN	SERPINA5	4144.94	4144.94	4144.94	4144.94	4144.94	4144.94	AVVEVDESGTR	AVVEVDESGTR	AVVEVDESGTR2	2	0.00625	0.025	1	4144.94	4144.94	0	1.50972	1026.2	1.62181	977.288	0	-0.058113	4.77525	0.947594	1.90137	0.0960525	2277;1681;1572;1284;1308;1193;	2178.73;1681;1342.24;1121.7;586.576;894.966;	0.887203;0.950472;0.91658;0.920672;0.695544;0.803109;
./tmp//tQC_NA_NA_2.mzML.dia	P01024	P01024	CO3_HUMAN	C3	153839	153839	153839	153839	153839	153839	AYYENSPQQVFSTEFEVK	AYYENSPQQVFSTEFEVK	AYYENSPQQVFSTEFEVK3	3	0.00220264	0.0136986	1	22787.3	22787.3	0	3.41325	3341.4	3.3354	3433.32	0	0.842606	5.16178	0.95639	0	-1e+07	12780;10008;5247;11796;5509;5406;	12713.1;10008;4919.24;5097.96;5323.83;5155.02;	0.974997;0.974913;0.983562;0.225718;0.955214;0.980234;
./tmp//tQC_NA_NA_2.mzML.dia	P43652	P43652	AFAM_HUMAN	AFM	17731	17731	17731	17731	17731	17731	DADPDTFFAK	DADPDTFFAK	DADPDTFFAK2	2	0.00220264	0.0136986	1	15186	15186	0	2.60645	2096.4	2.62517	2057.56	0	0.573818	3.26221	0.95453	2.20349	0.105358	7369;6278;5535;2986;3502;4113;	7369;4875.19;2203.02;1709.07;2941.83;3261.93;	0.964244;0.936976;0.624773;0.789571;0.95581;0.815375;
./tmp//tQC_NA_NA_2.mzML.dia	P00751	P00751	CFAB_HUMAN	CFB	29006.3	29006.3	29006.3	29006.3	29006.3	29006.3	DAQYAPGYDKVK	DAQYAPGYDKVK	DAQYAPGYDKVK3	3	0.0301129	0.0136986	1	7301.37	7301.37	0	1.49393	984.8	1.53735	970.107	0	0.661746	2.23889	0.732507	0	-1e+07	834;3652;1574;1416;2528;2702;	834;3475.13;126.436;274.959;0;2590.85;	0.919183;0.825449;-0.0607418;0.0507701;0.0736951;0.801628;
./tmp//tQC_NA_NA_2.mzML.dia	P01877	P01877	IGHA2_HUMAN	IGHA2	23333.1	23333.1	23333.1	23333.1	23333.1	23333.1	DASGATFTWTPSSGK	DASGATFTWTPSSGK	DASGATFTWTPSSGK2	2	0.00220264	0.0136986	1	23333.1	23333.1	0	2.5755	2100.4	2.62637	2000.18	0	0.960837	5.13964	0.956187	2.33686	0.112522	13236;5519;15319;4882;4802;6133;	13206.2;5324.91;6510.75;4045.77;4802;4191.64;	0.977994;0.984904;0.453408;0.91372;0.97455;0.956925;
./tmp//tQC_NA_NA_2.mzML.dia	P01876	P01876	IGHA1_HUMAN	IGHA1	699331	699331	699331	699331	699331	699331	DASGVTFTWTPSSGK	DASGVTFTWTPSSGK	DASGVTFTWTPSSGK2	2	0.00220264	0.0136986	1	224311	224311	0	2.87192	2609.9	2.91726	2545.3	0	0.970555	5.71739	0.954723	2.52465	0.270371	140971;48683;33039;39050;33153;47482;	140971;46959.9;31570.8;37911.1;22960.6;45428.8;	0.947258;0.938867;0.937377;0.942083;0.886936;0.965536;
./tmp//tQC_NA_NA_2.mzML.dia	P01008	P01008	ANT3_HUMAN	SERPINC1	262560	262560	262560	262560	262560	262560	DDLYVSDAFHK	DDLYVSDAFHK	DDLYVSDAFHK2	2	0.00220264	0.0136986	1	8735.86	8735.86	0	2.39982	1746.2	2.39531	1788.68	0	0.367051	4.23621	0.955421	0	-1e+07	7131;4417;10254;3128;2285;1955;	3983.36;4417;5412.48;2791.72;1882.01;1527.14;	0.70904;0.968088;0.5398;0.884934;0.840079;0.85264;
./tmp//tQC_NA_NA_2.mzML.dia					3.49289e+06	3.49289e+06					DDM(UniMod:35)PNALSALSDLHAHK	DDMPNALSALSDLHAHK	DDM(UniMod:35)PNALSALSDLHAHK4	4	0.125389	1	0	6625.17	6625.17	0	3.13413	2871.9	3.06971	2936.76	0	0	1.91155	0.414015	1.56361	0.110226	4468;561;965;2006;3003;1909;	4468;104.414;145.346;136.31;1500.13;270.964;	0.980807;0.246776;-0.0989742;-0.0843384;0.522464;-0.0928074;
./tmp//tQC_NA_NA_2.mzML.dia	P02768	P02768	ALBU_HUMAN	ALB	6.02018e+06	6.02018e+06	6.52224e+06	6.52224e+06	6.52224e+06	6.52224e+06	DDNPNLPR	DDNPNLPR	DDNPNLPR2	2	0.00364299	0.0136986	1	2.80081e+06	2.80081e+06	0	1.38337	967.6	1.50156	920.441	0	0.982839	5.94564	0.95214	0	-1e+07	1.86932e+06;846122;638806;336261;293583;213504;	1.8689e+06;845002;638806;335940;293103;212909;	0.995322;0.990085;0.991831;0.990713;0.993757;0.982435;
./tmp//tQC_NA_NA_2.mzML.dia	P0C0L4;P0C0L5	P0C0L4;P0C0L5	CO4A_HUMAN;CO4B_HUMAN	C4A;C4B	101288	101288	101288	101288			DFALLSLQVPLKDAK	DFALLSLQVPLKDAK	DFALLSLQVPLKDAK2	2	0.00220264	0.0136986	0	12530.3	12530.3	0	3.79815	4168.5	3.89064	4077.23	0	0.698385	5.62664	0.956544	3.37038	0.217479	22260;4184;6323;9027;2648;7437;	14388.7;3860.47;6323;7907.52;2346.79;5106.68;	0.745091;0.967706;0.985039;0.958866;0.974035;0.933045;
./tmp//tQC_NA_NA_2.mzML.dia	P0C0L4;P0C0L5	P0C0L4;P0C0L5	CO4A_HUMAN;CO4B_HUMAN	C4A;C4B	101288	101288	101288	101288			DFALLSLQVPLKDAK	DFALLSLQVPLKDAK	DFALLSLQVPLKDAK3	3	0.00220264	0.0136986	0	45037.8	45037.8	0	3.79035	4167.4	3.88865	4069.73	0	0.784099	5.74437	0.956236	2.05862	0.112732	12422;20047;14539;6817;5256;4001;	12327.7;20047;12663.1;6409.52;4928.41;3322.33;	0.98392;0.971114;0.964471;0.938454;0.964391;0.909376;
./tmp//tQC_NA_NA_2.mzML.dia	P35858	P35858	ALS_HUMAN	IGFALS	11092.5	11092.5	11092.5	11092.5	11092.5	11092.5	DFALQNPSAVPR	DFALQNPSAVPR	DFALQNPSAVPR2	2	0.00364299	0.0136986	1	8042.32	8042.32	0	2.56015	2180	2.65738	1973.66	0	0.0706401	3.13302	0.951795	0	-1e+07	3205;4471;3582;3294;2833;3587;	2781.01;2211.1;2209.23;2428.31;2833;1205.8;	0.889538;0.429395;0.764358;0.770482;0.966311;0.609246;
./tmp//tQC_NA_NA_2.mzML.dia	P01024	P01024	CO3_HUMAN	C3	153839	153839	153839	153839	153839	153839	DFDFVPPVVR	DFDFVPPVVR	DFDFVPPVVR2	2	0.00220264	0.0136986	1	44262.4	44262.4	0	3.60667	3955.5	3.68828	3818.77	0	0.463232	5.74316	0.955338	1.89213	0.438983	80446;37970;13576;23025;10363;11010;	79312.4;37886.3;13576;21105.4;9966.3;9580.96;	0.954404;0.957798;0.959853;0.96024;0.959835;0.961685;
./tmp//tQC_NA_NA_2.mzML.dia	P06681	P06681	CO2_HUMAN	C2	9218.82	9218.82	9218.82	9218.82	9218.82	9218.82	DFHINLFR	DFHINLFR	DFHINLFR2	2	0.00364299	0.0136986	1	6695.62	6695.62	0	3.25918	3078.4	3.20802	3172.87	0	0.2789	3.44817	0.950364	2.2436	0.0956924	2516;3204;2375;2859;1341;869;	1782.97;3204;2232.25;2222.02;1269.6;747.241;	0.522029;0.917433;0.684469;0.713136;0.70542;0.656193;
./tmp//tQC_NA_NA_2.mzML.dia	P29622	P29622	KAIN_HUMAN	SERPINA4	18052.3	18052.3	18052.3	18052.3	18052.3	18052.3	DFYVDENTTVR	DFYVDENTTVR	DFYVDENTTVR2	2	0.00364299	0.0136986	1	5182.01	5182.01	0	2.3267	1728.8	2.3854	1666.56	0	0.0634	3.31871	0.953691	0	-1e+07	2577;1940;1881;2194;1140;1453;	2363.48;1940;1266.16;987.799;330.475;878.531;	0.817968;0.923646;0.584012;0.157349;0.456131;0.62467;
./tmp//tQC_NA_NA_2.mzML.dia	P02787	P02787	TRFE_HUMAN	TF	590578	590578	590578	590578	590578	590578	DGAGDVAFVK	DGAGDVAFVK	DGAGDVAFVK2	2	0.00220264	0.0136986	1	140794	140794	0	2.08675	1483.8	2.17464	1398.39	0	0.970764	5.80001	0.956417	1.7035	0.128829	243561;46054;49932;41639;45137;29267;	242633;46037.6;49822.9;40225.8;44933.5;29267;	0.962331;0.966145;0.965701;0.957442;0.970364;0.964112;
./tmp//tQC_NA_NA_2.mzML.dia	P01871	P01871	IGHM_HUMAN	IGHM	70959.5	70959.5	70959.5	70959.5	70959.5	70959.5	DGFFGNPR	DGFFGNPR	DGFFGNPR2	2	0.00625	0.0136986	1	39405	39405	0	2.33253	1585.5	2.27673	1675.9	0	0.0473998	3.4504	0.938666	0	-1e+07	21951;15456;4824;15787;12110;4309;	21951;14748.1;1791.01;3825;5718.88;2705.89;	0.990913;0.96687;0.701119;0.192931;0.518595;0.921548;
./tmp//tQC_NA_NA_2.mzML.dia	P02790	P02790	HEMO_HUMAN	HPX	304223	304223	304223	304223	304223	304223	DGWHSWPIAH	DGWHSWPIAH	DGWHSWPIAH2	2	0.303139	0.0136986	1	7916.58	7916.58	0	2.75573	2306	2.73126	2309.26	0	0.0123648	1.63935	0.258337	2.35276	0.160718	4220;1678;3437;1121;2193;8910;	1522.6;363.723;1352.26;0;2193;2485;	-0.131584;0.106037;0.49095;-0.155302;0.903039;0.0416247;
./tmp//tQC_NA_NA_2.mzML.dia	P04196	P04196	HRG_HUMAN	HRG	26183.3	26183.3	26183.3	26183.3	26183.3	26183.3	DGYLFQLLR	DGYLFQLLR	DGYLFQLLR2	2	0.00220264	0.0136986	1	23680.2	23680.2	0	4.02467	4224.5	4.01626	4220.37	0	0.010861	5.68804	0.956043	2.7837	0.151979	20816;13331;12572;7951;3386;4028;	20816;13178.7;12500.1;7657.75;2843.73;2719.78;	0.953665;0.971475;0.949738;0.95683;0.955431;0.913907;
./tmp//tQC_NA_NA_2.mzML.dia	P0C0L4;P0C0L5	P0C0L4;P0C0L5	CO4A_HUMAN;CO4B_HUMAN	C4A;C4B	101288	101288	101288	101288			DHAVDLIQK	DHAVDLIQK	DHAVDLIQK2	2	0.00220264	0.0136986	0	26426.8	26426.8	0	1.68065	1108.4	1.77455	1060.62	0	0.949954	5.22598	0.95645	3.76893	0.55214	13467;5896;10720;8285;11101;5002;	13396;5552.62;7658.92;8028.78;6699.72;5002;	0.937248;0.905569;0.802637;0.956181;0.808401;0.953866;
./tmp//tQC_NA_NA_2.mzML.dia	P04196	P04196	HRG_HUMAN	HRG	26183.3	26183.3	26183.3	26183.3	26183.3	26183.3	DHSHGPPLPQGPPPLLPM	DHSHGPPLPQGPPPLLPM	DHSHGPPLPQGPPPLLPM3	3	0.30009	0.0136986	1	10785.3	10785.3	0	3.92818	3915	3.65925	4172.2	0	0.414967	2.87316	0.260313	0	-1e+07	2123;4119;4620;5526;739;1887;	367.193;4119;1408.07;3851.09;123.196;916.725;	0.0882922;0.976505;0.0378168;0.713937;0.10915;0.574343;
./tmp//tQC_NA_NA_2.mzML.dia	P00450	P00450	CERU_HUMAN	CP	71879.6	71879.6	71879.6	71879.6	71879.6	71879.6	DIFTGLIGPMK	DIFTGLIGPMK	DIFTGLIGPMK2	2	0.00220264	0.0136986	1	23265.1	23265.1	0	3.86565	4177.2	3.90708	4132.72	0	0.311506	5.45684	0.956634	1.51383	0.116783	9374;7200;8893;35745;5468;4208;	8649.1;7200;7416;8685.49;3706.24;3296.34;	0.958754;0.979275;0.951174;0.122597;0.903369;0.937466;
./tmp//tQC_NA_NA_2.mzML.dia	P01042	P01042	KNG1_HUMAN	KNG1	55344.2	55344.2	55344.2	55344.2	55344.2	55344.2	DIPTNSPELEETLTHTITK	DIPTNSPELEETLTHTITK	DIPTNSPELEETLTHTITK3	3	0.00625	0.0136986	1	24694.8	24694.8	0	3.20317	3277	3.29681	3077.23	0	0.0715689	3.4424	0.934304	0	-1e+07	9271;10695;12291;5160;9948;	9271;10695;5727.75;4381.84;9617.95;	0.961185;0.98315;0.524209;0.973423;0.981561;
./tmp//tQC_NA_NA_2.mzML.dia	P00751	P00751	CFAB_HUMAN	CFB	29006.3	29006.3	29006.3	29006.3	29006.3	29006.3	DISEVVTPR	DISEVVTPR	DISEVVTPR2	2	0.00364299	0.0136986	1	21238	21238	0	2.12418	1547.7	2.23968	1426.37	0	-0.105736	3.94177	0.951381	1.84359	0.136428	8064;4408;8766;18214;11184;8323;	8064;4408;8766;4998.42;4920.56;2884.64;	0.888236;0.901191;0.982753;0.401533;0.359759;0.000516615;
./tmp//tQC_NA_NA_2.mzML.dia					3.49289e+06	3.49289e+06					DKVWVYPPEKK	DKVWVYPPEKK	DKVWVYPPEKK3	3	0.0155642	1	0	18779.4	18779.4	0	1.96255	1129	1.80804	1263	0	0	3.60016	0.811434	2.75403	0.090588	5893;4796;6581;1618;5712;2051;	5893;2176.7;5500.75;1398.99;2639.24;1170.67;	0.986393;0.751367;0.847453;0.817961;0.362731;0.611541;
./tmp//tQC_NA_NA_2.mzML.dia	P02647	P02647	APOA1_HUMAN	APOA1	1.27836e+06	1.27836e+06	1.27836e+06	1.27836e+06	1.27836e+06	1.27836e+06	DLATVYVDVLK	DLATVYVDVLK	DLATVYVDVLK2	2	0.00220264	0.0136986	1	194963	194963	0	3.63177	3944.2	3.68006	3860.44	0	0.990002	5.81428	0.956596	3.38137	0.174935	114237;72573;66479;56145;51401;20410;	114237;72455.8;66441.5;56065.4;48272.1;18524.6;	0.963726;0.971887;0.967791;0.966845;0.965216;0.958392;
./tmp//tQC_NA_NA_2.mzML.dia	P01011	P01011	AACT_HUMAN	SERPINA3	138152	138152	138152	138152	138152	138152	DLDSQTM(UniMod:35)M(UniMod:35)VLVNYIFFK	DLDSQTMMVLVNYIFFK	DLDSQTM(UniMod:35)M(UniMod:35)VLVNYIFFK3	3	0.232536	0.0136986	1	13995.2	13995.2	0	4.49763	4421.4	4.61896	4371.96	0	0.044936	3.67477	0.311929	2.69468	0.154654	2440;8753;3304;1310;3061;3161;	1149.94;8753;1071.19;456.066;1230.45;1334.56;	0.773079;0.982527;0.506776;0.403846;0.556954;0.632779;
./tmp//tQC_NA_NA_2.mzML.dia	P13671	P13671	CO6_HUMAN	C6	11050.5	11050.5	11050.5	11050.5	11050.5	11050.5	DLHLSDVFLK	DLHLSDVFLK	DLHLSDVFLK2	2	0.056582	0.0136986	1	8341.78	8341.78	0	3.31068	3280.5	3.29869	3253.77	0	0.325102	2.36135	0.585485	2.6133	0.22533	336;2796;2192;3358;2941;4998;	324.51;1569.22;2192;1667.71;1287.05;1301.29;	0.831885;0.322224;0.932105;0.290877;0.312067;0.0518483;
./tmp//tQC_NA_NA_2.mzML.dia					3.49289e+06	3.49289e+06					DLSTPDAVMGNPK	DLSTPDAVMGNPK	DLSTPDAVMGNPK2	2	0.0698198	1	0	59579.5	59579.5	0	2.40025	1706.6	2.37226	1789.43	0	0.367634	2.33765	0.546106	0	-1e+07	57898;380;3333;2092;2613;7316;	57898;87.1326;498.426;273.364;592.689;229.895;	0.968888;0.361657;0.0272992;0.337913;0.336251;-0.162761;
./tmp//tQC_NA_NA_2.mzML.dia					3.49289e+06	3.49289e+06					DMPNALSALSDLHAHK	DMPNALSALSDLHAHK	DMPNALSALSDLHAHK3	3	0.0426035	1	0	11720.9	11720.9	0	3.24817	2897.8	3.09231	3155.05	0	0.232795	2.68695	0.628982	0	-1e+07	2090;8595;1536;2383;2302;1652;	424.037;4843.7;1026.22;1933.02;1841.94;1652;	-0.100713;0.461288;0.695581;0.377747;0.65481;0.92126;
./tmp//tQC_NA_NA_2.mzML.dia	P01023	P01023	A2MG_HUMAN	A2M	171027	171027	171027	171027	171027	171027	DMYSFLEDMGLK	DMYSFLEDMGLK	DMYSFLEDMGLK2	2	0.00220264	0.0136986	1	20860.4	20860.4	0	4.5725	4396.5	4.5422	4391.3	0	0.975047	5.73127	0.956303	1.99902	0.23858	12432;8973;7247;5472;7736;6496;	12403.7;8481.2;7247;5132.19;7046.51;5967.71;	0.939371;0.967829;0.96696;0.964608;0.964206;0.939538;
./tmp//tQC_NA_NA_2.mzML.dia	P06396	P06396	GELS_HUMAN	GSN	21257.3	21257.3	21257.3	21257.3	21257.3	21257.3	DPDQTDGLGLSYLSSHIANVER	DPDQTDGLGLSYLSSHIANVER	DPDQTDGLGLSYLSSHIANVER3	3	0.00625	0.0136986	1	7117.14	7117.14	0	3.5383	3764.6	3.55787	3694.77	0	0.458558	3.65051	0.947984	0	-1e+07	2986;2028;2249;2646;940;2370;	2818.91;1450.79;1482.91;2646;0;1652.24;	0.83368;0.69174;0.486496;0.899406;0.300074;0.7218;
./tmp//tQC_NA_NA_2.mzML.dia					3.49289e+06	3.49289e+06					DPQDTHQSR	DPQDTHQSR	DPQDTHQSR2	2	0.306524	1	0	28423.1	28423.1	0	2.86498	1996.9	2.58689	2532.44	0	0.291055	3.60872	0.255432	2.27434	0.129163	914;3787;1801;13915;1833;8456;	140.631;3787;385.632;13915;1833;8361.79;	0.0156092;0.98045;-0.0147298;0.961364;0.920391;0.895342;
./tmp//tQC_NA_NA_2.mzML.dia	P01019	P01019	ANGT_HUMAN	AGT	21230	21230	21230	21230	21230	21230	DPTFIPAPIQAK	DPTFIPAPIQAK	DPTFIPAPIQAK2	2	0.00220264	0.0136986	1	12586	12586	0	2.95478	3007.8	3.17337	2724.77	0	0.28024	5.43785	0.956067	2.43277	0.102463	7308;4065;3809;4781;2310;4008;	7121.71;4065;3787.3;4733.72;2030.18;2669.19;	0.95093;0.975979;0.979132;0.961648;0.878779;0.722716;
./tmp//tQC_NA_NA_2.mzML.dia	Q9UBP4	Q9UBP4	DKK3_HUMAN	DKK3	5543.92	5543.92	5543.92	5543.92	5543.92	5543.92	DQDGEILLPR	DQDGEILLPR	DQDGEILLPR2	2	0.30009	0.673913	1	5543.92	5543.92	0	2.7672	2191.1	2.66295	2338.19	0	-0.306245	3.15761	0.260401	1.44595	0.459051	2110;906;744;298;4258;4964;	1464.86;403.9;744;86.0926;1162.9;1682.17;	0.757796;0.562975;0.896658;0.58962;0.354761;0.53177;
./tmp//tQC_NA_NA_2.mzML.dia	P02748	P02748	CO9_HUMAN	C9	16717.4	16717.4	16717.4	16717.4	16717.4	16717.4	DRDGNTLTYYR	DRDGNTLTYYR	DRDGNTLTYYR3	3	0.0191327	0.0136986	1	9321.57	9321.57	0	1.74058	1073.8	1.71349	1093.73	0	0	2.05029	0.764996	3.51919	0.205278	3521;2147;1712;3099;1203;4912;	3521;1909.93;721.321;1475.91;720.407;973.008;	0.952072;0.824743;0.647911;0.360093;0.527221;-0.0852949;
./tmp//tQC_NA_NA_2.mzML.dia	P08697	P08697	A2AP_HUMAN	SERPINF2	14446.4	14446.4	14446.4	14446.4	14446.4	14446.4	DSFHLDEQFTVPVEM(UniMod:35)M(UniMod:35)QAR	DSFHLDEQFTVPVEMMQAR	DSFHLDEQFTVPVEM(UniMod:35)M(UniMod:35)QAR3	3	0.0311332	0.0136986	1	8122.22	8122.22	0	3.24188	3170.9	3.24741	3144.72	0	-0.0958395	2.80338	0.706988	2.64973	0.757862	2734;2489;2370;2188;1957;2953;	1699.64;1199.01;551.879;1417.08;1957;1297.62;	0.655721;0.393382;0.292659;0.61078;0.952893;0.504834;
./tmp//tQC_NA_NA_2.mzML.dia	P08697	P08697	A2AP_HUMAN	SERPINF2	14446.4	14446.4	14446.4	14446.4	14446.4	14446.4	DSFHLDEQFTVPVEM(UniMod:35)MQAR	DSFHLDEQFTVPVEMMQAR	DSFHLDEQFTVPVEM(UniMod:35)MQAR3	3	0.136082	0.0136986	1	11087.6	11087.6	0	3.43922	3651.3	3.49982	3489.42	0	-0.239994	3.20473	0.403133	3.246	0.432885	2808;2752;2478;1646;1691;3882;	1519.83;2734.13;1090.43;1023.99;837.247;3882;	0.134615;0.814835;0.223591;0.407622;0.204519;0.922327;
./tmp//tQC_NA_NA_2.mzML.dia	P08697	P08697	A2AP_HUMAN	SERPINF2	14446.4	14446.4	14446.4	14446.4	14446.4	14446.4	DSFHLDEQFTVPVEMMQAR	DSFHLDEQFTVPVEMMQAR	DSFHLDEQFTVPVEMMQAR3	3	0.00220264	0.0136986	1	13731.8	13731.8	0	3.83342	4160.8	3.87717	4108.19	0	0.849927	5.03671	0.955589	3.66933	0.197557	13049;6585;4476;4352;3767;2685;	13049;5790.72;4476;3914.79;3465.09;2267.33;	0.943013;0.954825;0.978355;0.876124;0.958602;0.935456;
./tmp//tQC_NA_NA_2.mzML.dia	P04196	P04196	HRG_HUMAN	HRG	26183.3	26183.3	26183.3	26183.3	26183.3	26183.3	DSPVLIDFFEDTER	DSPVLIDFFEDTER	DSPVLIDFFEDTER2	2	0.00220264	0.0136986	1	26183.3	26183.3	0	4.27912	4334.5	4.34797	4319.79	0	0.94447	5.6484	0.956402	0	-1e+07	10338;9560;7561;6784;10146;6383;	10338;9529.08;6840.53;6316.19;8818.96;6034.93;	0.968379;0.970278;0.946638;0.96946;0.923864;0.933992;
./tmp//tQC_NA_NA_2.mzML.dia	P0C0L4	P0C0L4	CO4A_HUMAN	C4A	26184	26184	26184	26184	26184	26184	DSSTWLTAFVLK	DSSTWLTAFVLK	DSSTWLTAFVLK2	2	0.00220264	0.0136986	1	26184	26184	0	4.33688	4354.5	4.41171	4334.66	0	0.664517	4.89182	0.956544	0	-1e+07	12133;10650;7770;2946;7533;6468;	12111.7;10642.9;7604.22;306.479;7026.04;6468;	0.967207;0.957438;0.958309;-0.0190437;0.954686;0.970722;
./tmp//tQC_NA_NA_2.mzML.dia	Q96IY4	Q96IY4	CBPB2_HUMAN	CPB2	7338.24	7338.24	7338.24	7338.24	7338.24	7338.24	DTGTYGFLLPER	DTGTYGFLLPER	DTGTYGFLLPER2	2	0.0353659	0.0531915	1	28169.3	28169.3	0	3.6216	3321.2	3.3223	3843.81	0	0.540058	5.50967	0.688043	5.50693	0.322955	11479;5699;4967;3914;5330;1838;	11425.3;5333.57;4763.04;3803.37;5330;1317.4;	0.979619;0.957798;0.95894;0.942406;0.988629;0.833246;
./tmp//tQC_NA_NA_2.mzML.dia	P07358	P07358	CO8B_HUMAN	C8B	11169.4	11169.4	11169.4	11169.4	11169.4	11169.4	DTMVEDLVVLVR	DTMVEDLVVLVR	DTMVEDLVVLVR2	2	0.00220264	0.0136986	1	6425.25	6425.25	0	4.32498	4350.2	4.39807	4331.73	0	-0.116262	5.31666	0.954304	1.84184	0.0929989	3664;1715;2057;1738;1732;940;	3118.38;1715;1817.23;1540.55;1591.87;679.958;	0.902956;0.981606;0.87744;0.899552;0.933515;0.844396;
./tmp//tQC_NA_NA_2.mzML.dia	P01023	P01023	A2MG_HUMAN	A2M	171027	171027	171027	171027	171027	171027	DTVIKPLLVEPEGLEK	DTVIKPLLVEPEGLEK	DTVIKPLLVEPEGLEK3	3	0.00220264	0.0136986	1	105374	105374	0	3.18737	3298.7	3.30883	3047.19	0	0.964635	5.80357	0.956195	2.70114	0.299106	74439;18431;17520;14862;15245;9643;	73917;18176.2;16211.8;9441.83;15245;7169.95;	0.95648;0.954592;0.981809;0.881699;0.97704;0.92757;
./tmp//tQC_NA_NA_2.mzML.dia	P02768	P02768	ALBU_HUMAN	ALB	6.02018e+06	6.02018e+06	6.52224e+06	6.52224e+06	6.52224e+06	6.52224e+06	DVFLGM(UniMod:35)FLYE	DVFLGMFLYE	DVFLGM(UniMod:35)FLYE2	2	0.340332	0.0136986	1	39121.6	39121.6	0	4.74212	4449	4.70404	4443.28	0	0.122959	5.04464	0.235592	4.39984	0.191192	3890;2543;12192;2644;15881;4536;	3890;2023.2;11549.4;1857;15527.6;4274.38;	0.978099;0.882774;0.949115;0.838149;0.965915;0.94458;
./tmp//tQC_NA_NA_2.mzML.dia	P02768	P02768	ALBU_HUMAN	ALB	6.02018e+06	6.02018e+06	6.52224e+06	6.52224e+06	6.52224e+06	6.52224e+06	DVFLGM(UniMod:35)FLYEYAR	DVFLGMFLYEYAR	DVFLGM(UniMod:35)FLYEYAR2	2	0.0709534	0.0136986	1	889757	889757	0	4.75965	4386	4.50983	4448.71	0	0.254784	4.46534	0.523939	0	-1e+07	3871;3466;246832;177667;299255;165424;	574.927;555.298;246832;177667;299255;164873;	-0.201531;-0.0682351;0.980545;0.989295;0.988196;0.986751;
./tmp//tQC_NA_NA_2.mzML.dia	P02768	P02768	ALBU_HUMAN	ALB	6.02018e+06	6.02018e+06	6.52224e+06	6.52224e+06	6.52224e+06	6.52224e+06	DVFLGMFLYEYAR	DVFLGMFLYEYAR	DVFLGMFLYEYAR2	2	0.00220264	0.0136986	1	1.00887e+06	1.00887e+06	0	4.75965	4473.1	4.77834	4448.71	0	0.969359	5.88843	0.955745	0	-1e+07	565436;246832;144262;299255;177667;165424;	565436;246832;144262;299173;177460;164295;	0.991624;0.98686;0.99145;0.990616;0.988968;0.989055;
./tmp//tQC_NA_NA_2.mzML.dia	P02768	P02768	ALBU_HUMAN	ALB	6.02018e+06	6.02018e+06	6.52224e+06	6.52224e+06	6.52224e+06	6.52224e+06	DVFLGMFLYEYAR	DVFLGMFLYEYAR	DVFLGMFLYEYAR3	3	0.00220264	0.0136986	1	421910	421910	0	4.76418	4466.2	4.75707	4450.11	0	-0.118145	5.88589	0.955515	3.84638	0.300663	271140;167207;104550;50225;67698;46827;	271140;167207;104550;50094.4;67698;46219.9;	0.986811;0.983035;0.99163;0.986461;0.983334;0.987254;
./tmp//tQC_NA_NA_2.mzML.dia	P02748	P02748	CO9_HUMAN	C9	16717.4	16717.4	16717.4	16717.4	16717.4	16717.4	DVVLTTTFVDDIK	DVVLTTTFVDDIK	DVVLTTTFVDDIK2	2	0.0301129	0.0136986	1	15996.6	15996.6	0	3.52467	3834.3	3.60408	3668.27	0	0.381929	2.99628	0.729256	0	-1e+07	5071;4465;2414;2645;3486;5041;	3622.89;4262.12;2414;1737.99;1637.75;2321.83;	0.712999;0.937853;0.948525;0.701012;0.541618;0.33363;
./tmp//tQC_NA_NA_2.mzML.dia	P04004	P04004	VTNC_HUMAN	VTN	89536.9	89536.9	89536.9	89536.9	89536.9	89536.9	DVWGIEGPIDAAFTR	DVWGIEGPIDAAFTR	DVWGIEGPIDAAFTR2	2	0.00220264	0.0136986	1	49454.8	49454.8	0	4.10603	4261.6	4.12007	4258.43	0	0.905292	5.90325	0.956641	2.65082	0.300229	24829;27540;26011;12184;12935;11970;	24809.3;27352.8;26001.1;12072.4;12675.5;11970;	0.988683;0.975739;0.979986;0.984953;0.98927;0.991374;
./tmp//tQC_NA_NA_2.mzML.dia	P04004	P04004	VTNC_HUMAN	VTN	89536.9	89536.9	89536.9	89536.9	89536.9	89536.9	DVWGIEGPIDAAFTR	DVWGIEGPIDAAFTR	DVWGIEGPIDAAFTR3	3	0.00220264	0.0136986	1	17480.8	17480.8	0	4.11057	4265.3	4.13105	4260.49	0	-0.20205	5.66079	0.956139	0	-1e+07	9404;5671;5406;4980;2832;4437;	9342.2;5520.43;5406;4842.73;2732.57;3467.73;	0.98483;0.967939;0.978848;0.965966;0.97809;0.891015;
./tmp//tQC_NA_NA_2.mzML.dia	P04004	P04004	VTNC_HUMAN	VTN	89536.9	89536.9	89536.9	89536.9	89536.9	89536.9	DWHGVPGQVDAAMAGR	DWHGVPGQVDAAMAGR	DWHGVPGQVDAAMAGR2	2	0.00220264	0.0136986	1	31996.6	31996.6	0	2.66357	2178.9	2.65684	2138.67	0	0.794316	5.78249	0.955795	2.61852	0.0923859	20740;11513;6054;11827;6662;4704;	20740;10794.5;5210.41;9391.84;6046.2;3549.97;	0.976066;0.968527;0.974086;0.88331;0.968865;0.956578;
./tmp//tQC_NA_NA_2.mzML.dia	P04040	P04040	CATA_HUMAN	CAT	3618.64	3618.64	3618.64	3618.64	3618.64	3618.64	DYPLIPVGK	DYPLIPVGK	DYPLIPVGK2	2	0.397611	0.166667	1	15820.4	15820.4	0	2.95002	2680.6	2.93931	2714.93	0	0.442068	3.06449	0.212784	3.33012	0.11939	892;6104;3569;3160;1653;9807;	144.271;5115.68;3569;2798.86;1331.97;2860.62;	0.263979;0.91818;0.983021;0.892846;0.848385;0.114543;
./tmp//tQC_NA_NA_2.mzML.dia					3.49289e+06	3.49289e+06					DYSVVLLLR	DYSVVLLLR	DYSVVLLLR2	2	0.00364299	1	0	159277	159277	0	3.71593	4044.9	3.75788	3984.29	0	0.198661	5.7319	0.953651	0	-1e+07	100175;89625;41860;41884;27894;39891;	100175;89625;41787.6;41810.4;27864.6;39891;	0.941357;0.957817;0.954132;0.950647;0.965458;0.951484;
./tmp//tQC_NA_NA_2.mzML.dia	P02647	P02647	APOA1_HUMAN	APOA1	1.27836e+06	1.27836e+06	1.27836e+06	1.27836e+06	1.27836e+06	1.27836e+06	DYVSQFEGSALGK	DYVSQFEGSALGK	DYVSQFEGSALGK2	2	0.00220264	0.0136986	1	467848	467848	0	2.96842	2661.7	2.93296	2749.85	0	0.99053	5.83098	0.956565	2.10962	0.20469	148676;277149;84967;42061;43077;25613;	148638;277149;84454.2;42061;42914.4;25613;	0.970859;0.971606;0.967508;0.977789;0.969749;0.965437;
./tmp//tQC_NA_NA_2.mzML.dia	P02774	P02774	VTDB_HUMAN	GC	53475.6	53475.6	53475.6	53475.6	53475.6	53475.6	EDFTSLSLVLYSR	EDFTSLSLVLYSR	EDFTSLSLVLYSR2	2	0.00220264	0.0136986	1	15010	15010	0	3.85808	4168.3	3.89028	4127.26	0	0.717837	5.57656	0.956309	2.12749	0.238745	7186;5080;5055;3216;3934;3548;	7186;4689.5;3904.25;3134.5;3776.61;3288.55;	0.974189;0.94488;0.894152;0.96994;0.944755;0.88781;
./tmp//tQC_NA_NA_2.mzML.dia	P04003	P04003	C4BPA_HUMAN	C4BPA	30615.3	30615.3	30615.3	30615.3	30615.3	30615.3	EDVYVVGTVLR	EDVYVVGTVLR	EDVYVVGTVLR2	2	0.00220264	0.0136986	1	26714.3	26714.3	0	2.97858	2851	3.05138	2765.9	0	0.171523	5.6993	0.956176	2.20374	0.107888	11813;9281;8488;9800;8652;3827;	11489.3;7424.47;8488;8856.34;6736.94;2778.67;	0.976517;0.918225;0.975251;0.965156;0.970967;0.937593;
./tmp//tQC_NA_NA_2.mzML.dia	P08185	P08185	CBG_HUMAN	SERPINA6	14512.3	14512.3	14512.3	14512.3	14512.3	14512.3	EENFYVDETTVVK	EENFYVDETTVVK	EENFYVDETTVVK2	2	0.00625	0.0136986	1	10877.2	10877.2	0	2.65037	2211.8	2.67379	2120.97	0	0.114924	4.11163	0.949464	2.6108	0.0940944	6977;4384;2204;7774;2925;3719;	3482.57;4384;825.413;4844.66;1648.49;710.59;	0.642574;0.983561;0.629875;0.797495;0.772604;0.106531;
./tmp//tQC_NA_NA_2.mzML.dia	P02787	P02787	TRFE_HUMAN	TF	590578	590578	590578	590578	590578	590578	EFQLFSSPHGK	EFQLFSSPHGK	EFQLFSSPHGK2	2	0.00220264	0.0136986	1	60496.9	60496.9	0	2.58437	1839.7	2.45146	2017.87	0	0.944283	5.86738	0.956097	2.27783	0.251442	34662;29283;23175;25784;17792;15169;	34526.4;29283;19930;23826.7;16413.8;14800;	0.970123;0.980582;0.976628;0.97017;0.984926;0.991973;
./tmp//tQC_NA_NA_2.mzML.dia	P02774	P02774	VTDB_HUMAN	GC	53475.6	53475.6	53475.6	53475.6	53475.6	53475.6	EFSHLGKEDFTSLSLVLYSR	EFSHLGKEDFTSLSLVLYSR	EFSHLGKEDFTSLSLVLYSR3	3	0.00220264	0.0136986	1	22526	22526	0	3.59953	3887.4	3.64008	3806.54	0	0.587564	5.32617	0.955639	0	-1e+07	12483;6452;6722;4866;4608;4833;	12483;5919.03;6174.42;4333.88;4242.67;4123.97;	0.906137;0.903979;0.869685;0.857138;0.89469;0.911989;
./tmp//tQC_NA_NA_2.mzML.dia	P02774	P02774	VTDB_HUMAN	GC	53475.6	53475.6	53475.6	53475.6	53475.6	53475.6	EFSHLGKEDFTSLSLVLYSR	EFSHLGKEDFTSLSLVLYSR	EFSHLGKEDFTSLSLVLYSR4	4	0.00220264	0.0136986	1	44404.3	44404.3	0	3.60623	3880.3	3.63521	3818.03	0	-0.275158	4.90094	0.955926	2.30485	0.119807	20697;15656;9264;3812;4169;2756;	20023.3;15335.1;9045.93;3812;2808.53;1549.95;	0.902449;0.922314;0.91942;0.89902;0.786886;0.716901;
./tmp//tQC_NA_NA_2.mzML.dia	P68871	P68871	HBB_HUMAN	HBB	17784.1	17784.1	17784.1	17784.1	17784.1	17784.1	EFTPPVQAAY	EFTPPVQAAY	EFTPPVQAAY2	2	0.0503513	0.0136986	1	73766.1	73766.1	0	3.1614	2744.1	2.96865	2993.66	0	-0.0617129	3.43198	0.600628	2.85749	0.259084	4297;4114;25401;37534;3978;4559;	2169.14;3782.57;23138.7;37490.8;2625.9;4559;	0.582086;0.821836;0.842363;0.830503;0.71378;0.955041;
./tmp//tQC_NA_NA_2.mzML.dia	P68871	P68871	HBB_HUMAN	HBB	17784.1	17784.1	17784.1	17784.1	17784.1	17784.1	EFTPPVQAAYQ	EFTPPVQAAYQ	EFTPPVQAAYQ2	2	0.288182	0.0136986	1	13602.1	13602.1	0	2.74427	2481.5	2.86601	2279.79	0	0.13009	3.00425	0.270285	1.62706	0.120802	2476;4551;3129;2750;4377;3509;	1605.63;4265.51;1947.23;1834.1;4221.98;3509;	0.390415;0.483417;0.289889;0.141345;0.674513;0.889508;
./tmp//tQC_NA_NA_2.mzML.dia	P68871	P68871	HBB_HUMAN	HBB	17784.1	17784.1	17784.1	17784.1	17784.1	17784.1	EFTPPVQAAYQK	EFTPPVQAAYQK	EFTPPVQAAYQK2	2	0.00220264	0.0136986	1	6626.53	6626.53	0	2.32713	1916.4	2.51704	1667.26	0	0.00767854	3.89009	0.954288	2.60918	0.128989	3115;2091;2008;2873;11821;1740;	3115;1786.04;1725.5;1374.06;566.715;482.057;	0.97219;0.959286;0.948509;0.65202;-0.179536;0.666945;
./tmp//tQC_NA_NA_2.mzML.dia	P68871	P68871	HBB_HUMAN	HBB	17784.1	17784.1	17784.1	17784.1	17784.1	17784.1	EFTPPVQAAYQK	EFTPPVQAAYQK	EFTPPVQAAYQK3	3	0.0167526	0.0136986	1	13703.3	13703.3	0	2.55452	1778.9	2.41374	1965.22	0	-0.208297	2.79595	0.791117	1.89626	0.165501	13232;4575;2983;5087;4161;3151;	8543;3207.86;1952.41;5087;2205.87;1650.84;	0.579806;0.743317;0.769704;0.940788;0.231676;0.433031;
./tmp//tQC_NA_NA_2.mzML.dia	P02042	P02042	HBD_HUMAN	HBD	7341.48	7341.48	7341.48	7341.48	7341.48	7341.48	EFTPQMQAAYQK	EFTPQMQAAYQK	EFTPQMQAAYQK3	3	0.596591	0.045977	1	10030.8	10030.8	0	1.926	1476.2	2.16693	1227.14	0	0.125803	1.67732	0.149901	0	-1e+07	9350;2344;3993;8015;1831;1251;	9350;289.488;391.303;2357.54;280.817;297.271;	0.952783;0.00206255;-0.0159204;0.67775;0.327044;0.329546;
./tmp//tQC_NA_NA_2.mzML.dia	P23142	P23142	FBLN1_HUMAN	FBLN1	10557.8	10557.8	10557.8	10557.8	10557.8	10557.8	EFTRPEEIIFLR	EFTRPEEIIFLR	EFTRPEEIIFLR3	3	0.00364299	0.0136986	1	8408.98	8408.98	0	3.35742	3321	3.32218	3329.56	0	-0.0926113	4.1178	0.952192	2.43583	0.258002	3866;3130;4091;2952;2191;1611;	3866;3087;3378.38;1648.84;1405.21;1455.98;	0.976582;0.906025;0.803256;0.694133;0.696253;0.854555;
./tmp//tQC_NA_NA_2.mzML.dia	P0C0L4;P0C0L5	P0C0L4;P0C0L5	CO4A_HUMAN;CO4B_HUMAN	C4A;C4B	101288	101288	101288	101288			EGAIHREELVYELNPLDHR	EGAIHREELVYELNPLDHR	EGAIHREELVYELNPLDHR3	3	0.0085592	0.0136986	0	21883.9	21883.9	0	2.92082	2586.8	2.91025	2645.64	0	0.16821	3.96555	0.929364	2.03403	0.172908	9556;11187;4609;3303;8704;7752;	9556;9763.14;2334.47;2564.77;2560.02;3318.18;	0.957272;0.924145;0.785099;0.836093;0.234723;0.726563;
./tmp//tQC_NA_NA_2.mzML.dia	P01031	P01031	CO5_HUMAN	C5	12429.9	12429.9	12429.9	12429.9	12429.9	12429.9	EGMLSIMSYR	EGMLSIMSYR	EGMLSIMSYR2	2	0.00364299	0.0136986	1	10910.5	10910.5	0	3.26135	3021.2	3.18051	3176.34	0	0.325562	4.80464	0.952906	1.86152	0.387227	5979;2984;2772;2500;1699;2471;	5979;2330.27;2601.25;1049.45;1583.23;1749.92;	0.985025;0.865769;0.928842;0.734004;0.818509;0.837795;
./tmp//tQC_NA_NA_2.mzML.dia	P02787	P02787	TRFE_HUMAN	TF	590578	590578	590578	590578	590578	590578	EGYYGYTGAFR	EGYYGYTGAFR	EGYYGYTGAFR2	2	0.00220264	0.0136986	1	239345	239345	0	2.55972	1871.2	2.47511	1972.98	0	0.420705	5.70318	0.956031	2.14887	0.103633	232777;108640;83241;52176;40159;48328;	232751;108025;82991.9;50153.2;39473.3;48328;	0.948841;0.949818;0.951925;0.948165;0.943275;0.95753;
./tmp//tQC_NA_NA_2.mzML.dia	P02749	P02749	APOH_HUMAN	APOH	41451.4	41451.4	41451.4	41451.4	41451.4	41451.4	EHSSLAFWK	EHSSLAFWK	EHSSLAFWK2	2	0.00220264	0.0136986	1	41451.4	41451.4	0	2.56945	1815.3	2.43539	1989.07	0	0.492539	4.34991	0.95537	0	-1e+07	10845;25352;12285;10037;8287;7666;	9155.31;23233.2;12285;5508.22;5933.26;2783.78;	0.880192;0.923439;0.986255;0.692134;0.920337;0.634845;
./tmp//tQC_NA_NA_2.mzML.dia	P29622	P29622	KAIN_HUMAN	SERPINA4	18052.3	18052.3	18052.3	18052.3	18052.3	18052.3	EIEEVLTPEM(UniMod:35)LMR	EIEEVLTPEMLMR	EIEEVLTPEM(UniMod:35)LMR2	2	0.0353659	0.0136986	1	17344.6	17344.6	0	3.27975	3379.3	3.36288	3205.42	0	-0.171272	3.4177	0.686903	0	-1e+07	3308;2383;3503;4810;5008;5996;	1407.56;1372.74;3291.37;768.26;4508.65;5996;	0.418107;0.283971;0.819973;0.425476;0.864535;0.972022;
./tmp//tQC_NA_NA_2.mzML.dia	P29622	P29622	KAIN_HUMAN	SERPINA4	18052.3	18052.3	18052.3	18052.3	18052.3	18052.3	EIEEVLTPEMLMR	EIEEVLTPEMLMR	EIEEVLTPEMLMR2	2	0.00625	0.0136986	1	18052.3	18052.3	0	3.74795	4048.3	3.76071	4024.3	0	-0.145944	5.12604	0.945583	1.92983	0.3518	4663;5505;9457;2824;2460;2077;	3615.88;4979.47;9457;1399.55;1824.86;1520.57;	0.893195;0.926642;0.981212;0.783315;0.879649;0.878889;
./tmp//tQC_NA_NA_2.mzML.dia	P35527	P35527	K1C9_HUMAN	KRT9	15170.6	15170.6	15170.6	15170.6	15170.6	15170.6	EIETYHNLLEGGQEDFESSGAGK	EIETYHNLLEGGQEDFESSGAGK	EIETYHNLLEGGQEDFESSGAGK3	3	0.0301129	0.166667	1	15170.6	15170.6	0	2.84855	2504.6	2.87844	2502.47	0	-0.140656	4.0098	0.721673	3.45213	0.417334	6249;1659;1950;3186;3213;3053;	4486.76;1053.76;1950;1927.48;3162.73;2589.83;	0.793164;0.473476;0.934654;0.635213;0.834054;0.785694;
./tmp//tQC_NA_NA_2.mzML.dia	P01011	P01011	AACT_HUMAN	SERPINA3	138152	138152	138152	138152	138152	138152	EIGELYLPK	EIGELYLPK	EIGELYLPK2	2	0.00220264	0.0136986	1	72277	72277	0	2.86455	2574.2	2.90623	2531.65	0	0.691809	5.58781	0.956488	1.8961	0.576982	43882;21493;14772;24942;16224;16156;	43882;21461.5;13382.4;13102.7;14540.4;15012.6;	0.965097;0.951734;0.954666;0.708142;0.953523;0.979847;
./tmp//tQC_NA_NA_2.mzML.dia	P08603;Q03591	P08603;Q03591	CFAH_HUMAN;FHR1_HUMAN	CFH;CFHR1	16459.1	16459.1	16459.1	16459.1			EIMENYNIALR	EIMENYNIALR	EIMENYNIALR2	2	0.00220264	0.0136986	0	16459.1	16459.1	0	2.84465	2530.9	2.89037	2495.39	0	0.411652	4.69081	0.955782	0	-1e+07	17031;8475;5444;2345;5327;5938;	8877.94;8015.95;5350.95;370.079;5170.19;5938;	0.688259;0.886261;0.905428;0.216245;0.902749;0.941806;
./tmp//tQC_NA_NA_2.mzML.dia	Q14624	Q14624	ITIH4_HUMAN	ITIH4	53564.2	53564.2	53564.2	53564.2	53564.2	53564.2	EKAEAQAQYSAAVAK	EKAEAQAQYSAAVAK	EKAEAQAQYSAAVAK2	2	0.0085592	0.0136986	1	2915.14	2915.14	0	1.44137	876.6	1.31344	946.447	0	-0.0148726	3.64549	0.92805	3.52838	0.155644	640;90562;3497;1082;46927;1371;	640;54076.6;1379.31;255.729;28429;895.833;	0.875571;0.63986;0.651161;0.553858;0.648636;0.790734;
./tmp//tQC_NA_NA_2.mzML.dia	Q14624	Q14624	ITIH4_HUMAN	ITIH4	53564.2	53564.2	53564.2	53564.2	53564.2	53564.2	EKAEAQAQYSAAVAK	EKAEAQAQYSAAVAK	EKAEAQAQYSAAVAK3	3	0.00364299	0.0136986	1	2927.93	2927.93	0	1.31067	877.1	1.31445	887.239	0	0.359776	3.60771	0.950776	0	-1e+07	1583;1747;2600;1048;669;1901;	1583;1102.37;459.288;463.97;242.554;659.238;	0.966553;0.909948;0.107548;0.749986;0.792856;0.623925;
./tmp//tQC_NA_NA_2.mzML.dia	P10909	P10909	CLUS_HUMAN	CLU	31118.6	31118.6	31118.6	31118.6	31118.6	31118.6	ELDESLQVAER	ELDESLQVAER	ELDESLQVAER2	2	0.00220264	0.0136986	1	31118.6	31118.6	0	2.16507	1540.4	2.23234	1456.57	0	0.968685	5.63249	0.955701	3.50335	0.386406	12356;11591;12463;12103;6817;9878;	12356;11133.3;12210.9;10195.5;6551.69;8791.84;	0.953009;0.92735;0.949051;0.927485;0.943241;0.941362;
./tmp//tQC_NA_NA_2.mzML.dia					3.49289e+06	3.49289e+06					ELHVDGPPPRPQLR	ELHVDGPPPRPQLR	ELHVDGPPPRPQLR3	3	0.0706278	1	0	33238.5	33238.5	0	2.48268	1865.1	2.47022	1892.76	0	-0.0654853	4.18538	0.544138	2.92897	0.228674	13507;3302;5037;4499;7765;2100;	13507;2179.65;5024.91;4442.64;7656.36;427.971;	0.994778;0.673507;0.966608;0.952206;0.918831;-0.128197;
./tmp//tQC_NA_NA_2.mzML.dia	P08697	P08697	A2AP_HUMAN	SERPINF2	14446.4	14446.4	14446.4	14446.4	14446.4	14446.4	ELKEQQDSPGNKDFLQSLK	ELKEQQDSPGNKDFLQSLK	ELKEQQDSPGNKDFLQSLK3	3	0.0334572	0.0136986	1	4389.75	4389.75	0	2.40242	1671	2.34897	1793.21	0	-0.00479049	3.20819	0.703415	2.20689	0.113176	722;2415;3118;1270;702;1071;	722;1498.09;743.391;529.921;307.721;588.625;	0.933716;0.678856;0.0830222;0.401485;0.641035;0.543077;
./tmp//tQC_NA_NA_2.mzML.dia	Q08380	Q08380	LG3BP_HUMAN	LGALS3BP	22201.1	22201.1	22201.1	22201.1	22201.1	22201.1	ELSEALGQIFDSQR	ELSEALGQIFDSQR	ELSEALGQIFDSQR2	2	0.142272	0.41129	1	18485.5	18485.5	0	3.73562	3676.4	3.51102	4009.49	0	-0.0390646	3.25114	0.391598	0	-1e+07	4778;4037;2580;5544;3500;1881;	4778;4018.8;1779.73;3345.15;3215.59;1348.22;	0.961732;0.80481;0.292415;0.584758;0.839483;0.561856;
./tmp//tQC_NA_NA_2.mzML.dia	P10643	P10643	CO7_HUMAN	C7	18186.2	18186.2	18186.2	18186.2	18186.2	18186.2	ELSHLPSLYDYSAYRR	ELSHLPSLYDYSAYRR	ELSHLPSLYDYSAYRR4	4	0.0085592	0.0136986	1	6904.71	6904.71	0	2.82668	2414.3	2.81597	2462.47	0	-0.172806	3.47733	0.920036	1.99729	0.115312	3681;2551;1560;6208;4544;1939;	3681;1690.53;1218.8;2804.74;1947.24;1533.18;	0.888949;0.488138;0.47881;0.202333;0.316582;0.676272;
./tmp//tQC_NA_NA_2.mzML.dia	P02774	P02774	VTDB_HUMAN	GC	53475.6	53475.6	53475.6	53475.6	53475.6	53475.6	ELSSFIDK	ELSSFIDK	ELSSFIDK2	2	0.00364299	0.0136986	1	34902.6	34902.6	0	2.3453	1678.8	2.35439	1696.61	0	-0.105861	4.39482	0.951477	2.67991	0.135574	28272;11349;16552;13177;7867;3448;	16395.6;11055.7;16552;9858.97;7294.93;446.96;	0.745258;0.936174;0.972121;0.893951;0.92885;-0.235922;
./tmp//tQC_NA_NA_2.mzML.dia					3.49289e+06	3.49289e+06					EM(UniMod:35)PFDPQDTHQSR	EMPFDPQDTHQSR	EM(UniMod:35)PFDPQDTHQSR2	2	0.689904	1	0	9630.8	9630.8	0	1.41713	1003.1	1.57506	935.595	0	0.563838	2.86882	0.132366	1.48716	0.109728	875;5250;3918;0;1253;761;	125.461;5250;3918;0;337.342;208.359;	-0.00610477;0.955061;0.972906;0;0.396907;0.249739;
./tmp//tQC_NA_NA_2.mzML.dia	P0C0L4;P0C0L5	P0C0L4;P0C0L5	CO4A_HUMAN;CO4B_HUMAN	C4A;C4B	101288	101288	101288	101288			EMSGSPASGIPVK	EMSGSPASGIPVK	EMSGSPASGIPVK2	2	0.00220264	0.0136986	0	5495.04	5495.04	0	1.97965	1389.1	2.08369	1281.21	0	0.547179	5.90925	0.955967	1.8488	0.099934	15717;16213;8609;5552;3650;4296;	15525.5;15925.8;8609;5495.04;3261.02;3626.03;	0.988938;0.984906;0.98703;0.982928;0.985516;0.974191;
./tmp//tQC_NA_NA_2.mzML.dia	P04114	P04114	APOB_HUMAN	APOB	43710.3	43710.3	43710.3	43710.3	43710.3	43710.3	ENFAGEATLQR	ENFAGEATLQR	ENFAGEATLQR2	2	0.00220264	0.0136986	1	13219.7	13219.7	0	2.02855	1293.5	1.99927	1338.85	0	0.111199	4.16931	0.955271	0	-1e+07	6474;4603;3991;1872;9226;2847;	6474;4372.7;3898.72;1863.07;3019.67;2847;	0.880477;0.837535;0.895577;0.874854;0.318418;0.962663;
./tmp//tQC_NA_NA_2.mzML.dia	P06396	P06396	GELS_HUMAN	GSN	21257.3	21257.3	21257.3	21257.3	21257.3	21257.3	EPAHLMSLFGGKPM(UniMod:35)IIYK	EPAHLMSLFGGKPMIIYK	EPAHLMSLFGGKPM(UniMod:35)IIYK3	3	0.0457746	0.0136986	1	18251.6	18251.6	0	3.48593	3188.3	3.25483	3589.88	0	0.396431	3.7773	0.606609	3.46334	0.198051	6407;5489;8101;11391;6209;3452;	1754.43;4273.35;4404.8;725.562;3641.48;3452;	0.356583;0.485321;0.563393;0.468728;0.673737;0.938479;
./tmp//tQC_NA_NA_2.mzML.dia	P06396	P06396	GELS_HUMAN	GSN	21257.3	21257.3	21257.3	21257.3	21257.3	21257.3	EPAHLMSLFGGKPMIIYK	EPAHLMSLFGGKPMIIYK	EPAHLMSLFGGKPMIIYK3	3	0.0085592	0.0136986	1	9168.9	9168.9	0	3.48593	3574.1	3.46761	3589.88	0	-0.129994	4.29252	0.92808	4.33366	0.258031	4236;5489;6669;2580;5341;6209;	3655.67;3599.63;1758.26;2580;2933.23;2763.46;	0.791476;0.399776;0.430454;0.947825;0.731262;0.682396;
./tmp//tQC_NA_NA_2.mzML.dia	P06396	P06396	GELS_HUMAN	GSN	21257.3	21257.3	21257.3	21257.3	21257.3	21257.3	EPAHLMSLFGGKPMIIYK	EPAHLMSLFGGKPMIIYK	EPAHLMSLFGGKPMIIYK4	4	0.00364299	0.0136986	1	21257.3	21257.3	0	3.48075	3585.3	3.47224	3579.05	0	-0.170394	4.85691	0.953829	2.11042	0.117505	6633;7834;8821;60984;7889;6137;	6618.61;7812.85;8821;5698.3;6055.09;5817.7;	0.975432;0.958069;0.986342;-0.0169296;0.907517;0.979022;
./tmp//tQC_NA_NA_2.mzML.dia					3.49289e+06	3.49289e+06					EPLDDYVNTQGASLFSVTKK	EPLDDYVNTQGASLFSVTKK	EPLDDYVNTQGASLFSVTKK3	3	0.0179487	1	0	8608.24	8608.24	0	3.21637	3257.4	3.28668	3101.1	0	-0.0875771	1.91154	0.780587	2.53183	0.100323	4814;2969;8526;952;10765;3779;	4814;505.37;1431.23;0;796.702;1060.93;	0.984046;0.458946;-0.130426;0.316229;-0.207362;0.0968402;
./tmp//tQC_NA_NA_2.mzML.dia	P01857;P01859;P01860	P01857;P01859;P01860	IGHG1_HUMAN;IGHG2_HUMAN;IGHG3_HUMAN	IGHG1;IGHG2;IGHG3	245789	245789	245789	245789			EPQVYTLPPSR	EPQVYTLPPSR	EPQVYTLPPSR2	2	0.00220264	0.0136986	0	245789	245789	0	2.1404	1604.9	2.29481	1437.96	0	0.885067	5.24205	0.955565	2.10663	0.192574	127470;81913;420100;43618;90902;85294;	120410;81913;109712;43466.8;35688.2;39995.9;	0.978096;0.996364;0.642519;0.975316;0.746958;0.76952;
./tmp//tQC_NA_NA_2.mzML.dia	P01857	P01857	IGHG1_HUMAN	IGHG1	2.18089e+06	2.18089e+06	2.18089e+06	2.18089e+06	2.18089e+06	2.18089e+06	EPQVYTLPPSRDELTK	EPQVYTLPPSRDELTK	EPQVYTLPPSRDELTK3	3	0.00220264	0.0136986	1	68512.5	68512.5	0	2.78127	1897	2.4977	2370.97	0	0.946323	4.4354	0.954269	1.6928	0.133275	31603;129968;20219;16805;20557;31690;	31603;49315.7;20219;16690.5;14927.3;11006.9;	0.980185;0.241877;0.979892;0.970285;0.819258;0.251517;
./tmp//tQC_NA_NA_2.mzML.dia	P01859;P01860	P01859;P01860	IGHG2_HUMAN;IGHG3_HUMAN	IGHG2;IGHG3	246643	246643	246643	246643			EPQVYTLPPSREEMTK	EPQVYTLPPSREEMTK	EPQVYTLPPSREEMTK3	3	0.00220264	0.0136986	0	246643	246643	0	2.17742	1579	2.27051	1466.83	0	0.9775	5.2291	0.955409	2.1818	0.114198	199818;430993;117746;2326;85579;45748;	199818;411616;117746;679.866;85484.1;43412.8;	0.983049;0.975819;0.987961;0.421214;0.984271;0.987659;
./tmp//tQC_NA_NA_2.mzML.dia	P04114	P04114	APOB_HUMAN	APOB	43710.3	43710.3	43710.3	43710.3	43710.3	43710.3	EQHLFLPFSYK	EQHLFLPFSYK	EQHLFLPFSYK2	2	0.00364299	0.0136986	1	10731.2	10731.2	0	3.32648	3231.7	3.27423	3278.76	0	0.307661	4.49251	0.953654	3.02041	0.413625	4900;4433;12080;3495;3822;3116;	4301.12;3186.49;3244.59;2538.65;3822;2608.08;	0.913749;0.877547;0.276721;0.827499;0.942593;0.907753;
./tmp//tQC_NA_NA_2.mzML.dia	P04114	P04114	APOB_HUMAN	APOB	43710.3	43710.3	43710.3	43710.3	43710.3	43710.3	EQHLFLPFSYK	EQHLFLPFSYK	EQHLFLPFSYK3	3	0.00364299	0.0136986	1	43710.3	43710.3	0	3.33188	3225	3.27112	3287.41	0	-0.0816782	4.89664	0.953552	4.03311	0.239394	20335;7805;14442;9300;8168;26031;	20273.3;7267.65;14442;8994.97;6607.05;12424.2;	0.960548;0.9491;0.964934;0.958232;0.936295;0.638277;
./tmp//tQC_NA_NA_2.mzML.dia	P02768	P02768	ALBU_HUMAN	ALB	6.02018e+06	6.02018e+06	6.52224e+06	6.52224e+06	6.52224e+06	6.52224e+06	EQLKAVMDDFAAFVEK	EQLKAVMDDFAAFVEK	EQLKAVMDDFAAFVEK3	3	0.00937082	0.0136986	1	6316.74	6316.74	0	4.05107	4194.2	3.94271	4232.56	0	-0.0179119	3.01213	0.870183	2.22758	0.159461	3536;3447;2149;3139;1614;5417;	2073.33;3447;1796.63;1578.17;1073.11;2405.94;	0.59324;0.958179;0.711954;0.0498277;0.63204;-0.209297;
./tmp//tQC_NA_NA_2.mzML.dia	P01008	P01008	ANT3_HUMAN	SERPINC1	262560	262560	262560	262560	262560	262560	EQLQDMGLVDLFSPEK	EQLQDMGLVDLFSPEK	EQLQDMGLVDLFSPEK3	3	0.00220264	0.0136986	1	14999.9	14999.9	0	4.1374	4273.7	4.15635	4272.11	0	-0.00926831	5.00781	0.955609	3.4302	0.20769	7016;8541;9042;3985;6449;4342;	7016;5924.71;8034.6;3641.86;5597.44;4342;	0.961078;0.789585;0.851809;0.908786;0.842556;0.978732;
./tmp//tQC_NA_NA_2.mzML.dia	P01011	P01011	AACT_HUMAN	SERPINA3	138152	138152	138152	138152	138152	138152	EQLSLLDRFTEDAK	EQLSLLDRFTEDAK	EQLSLLDRFTEDAK3	3	0.00625	0.0136986	1	8364.7	8364.7	0	3.24773	3074.7	3.20635	3154.34	0	0.685785	4.01489	0.948674	2.45334	0.118302	4097;54738;33898;2245;4705;2758;	3940.43;16061;10100.4;2245;2888.99;2179.26;	0.92173;0.316594;0.220464;0.936326;0.694248;0.866959;
./tmp//tQC_NA_NA_2.mzML.dia	P01011	P01011	AACT_HUMAN	SERPINA3	138152	138152	138152	138152	138152	138152	EQLSLLDRFTEDAKR	EQLSLLDRFTEDAKR	EQLSLLDRFTEDAKR3	3	0.00220264	0.0136986	1	4044.42	4044.42	0	3.02747	2669.6	2.93555	2820.97	0	0.325513	3.66888	0.954566	0	-1e+07	1701;3035;975;2034;3534;3319;	1321.68;1747.74;975;628.024;1568.8;1000.08;	0.883785;0.839528;0.961001;0.56332;0.796632;0.494152;
./tmp//tQC_NA_NA_2.mzML.dia	P01011	P01011	AACT_HUMAN	SERPINA3	138152	138152	138152	138152	138152	138152	EQLSLLDRFTEDAKR	EQLSLLDRFTEDAKR	EQLSLLDRFTEDAKR4	4	0.00364299	0.0136986	1	6483.38	6483.38	0	3.02315	2674.1	2.93706	2817.11	0	0	4.44992	0.950373	2.27141	0.315026	2613;1352;3379;1913;2898;2127;	2613;1275.26;1812.44;1349.07;2595.12;859.726;	0.952123;0.928262;0.906638;0.923328;0.924484;0.596434;
./tmp//tQC_NA_NA_2.mzML.dia	P00450	P00450	CERU_HUMAN	CP	71879.6	71879.6	71879.6	71879.6	71879.6	71879.6	ERGPEEEHLGILGPVIWAEVGDTIR	ERGPEEEHLGILGPVIWAEVGDTIR	ERGPEEEHLGILGPVIWAEVGDTIR4	4	0.00220264	0.0136986	1	48393.6	48393.6	0	4.214	4279.8	4.17498	4300.33	0	0.0522743	5.53392	0.955639	0	-1e+07	14894;6878;16922;19924;16083;17909;	14588.5;6629.51;15798.7;16983.3;15896;17909;	0.968821;0.954318;0.952428;0.860914;0.981853;0.994118;
./tmp//tQC_NA_NA_2.mzML.dia	P43652	P43652	AFAM_HUMAN	AFM	17731	17731	17731	17731	17731	17731	ESLLNHFLYEVAR	ESLLNHFLYEVAR	ESLLNHFLYEVAR2	2	0.00220264	0.0136986	1	9586.22	9586.22	0	3.9206	4104.8	3.81039	4167.88	0	0.251749	3.90286	0.954215	2.44394	0.34527	2862;6992;5896;3735;6209;4546;	2839.57;3954.46;3731.4;3735;3241.95;3011.66;	0.875;0.116196;0.466321;0.929936;0.274999;0.541213;
./tmp//tQC_NA_NA_2.mzML.dia	P43652	P43652	AFAM_HUMAN	AFM	17731	17731	17731	17731	17731	17731	ESLLNHFLYEVAR	ESLLNHFLYEVAR	ESLLNHFLYEVAR3	3	0.00220264	0.0136986	1	11738.4	11738.4	0	3.91282	4101.3	3.80716	4163.33	0	0.146603	5.36402	0.95542	1.92769	0.411476	7866;5611;2436;4935;3175;3320;	7119.28;5611;2371.71;3905.93;2909.75;3217.65;	0.888869;0.977955;0.910403;0.790328;0.9233;0.914937;
./tmp//tQC_NA_NA_2.mzML.dia	P02671	P02671	FIBA_HUMAN	FGA	12871.9	12871.9	12871.9	12871.9	12871.9	12871.9	ESSSHHPGIAEFPSR	ESSSHHPGIAEFPSR	ESSSHHPGIAEFPSR3	3	0.039807	0.182692	1	12871.9	12871.9	0	1.70573	1047.8	1.66433	1074.15	0	0.28911	2.99177	0.666596	2.52428	0.929961	7911;1075;1702;2120;2453;6328;	7911;627.682;1645.5;1594.62;557.274;535.859;	0.979255;0.23862;0.877026;0.772846;-0.078635;-0.221504;
./tmp//tQC_NA_NA_2.mzML.dia	P00734	P00734	THRB_HUMAN	F2	10614.2	10614.2	10614.2	10614.2	10614.2	10614.2	ETAASLLQAGYK	ETAASLLQAGYK	ETAASLLQAGYK2	2	0.00220264	0.0136986	1	10476.4	10476.4	0	2.54695	1991.7	2.58382	1954.84	0	0.125658	5.20219	0.956818	1.60968	0.0982547	4204;5068;2589;4008;3409;4061;	3897.43;4477.47;2517.98;2204.87;2157.74;4061;	0.896619;0.852557;0.897092;0.751028;0.769863;0.96564;
./tmp//tQC_NA_NA_2.mzML.dia	Q16610	Q16610	ECM1_HUMAN	ECM1	4394.72	4394.72	4394.72	4394.72	4394.72	4394.72	EVGPPLPQEAVPLQK	EVGPPLPQEAVPLQK	EVGPPLPQEAVPLQK2	2	0.00937082	0.045977	1	2678.17	2678.17	0	2.81068	2767.6	2.98408	2432.09	0	0.0808575	3.47322	0.889739	1.9395	0.105152	5095;1827;505;692;2157;1535;	1683.38;1827;204.478;225.777;646.694;457.268;	0.46095;0.970807;0.678868;0.473027;0.569408;0.236507;
./tmp//tQC_NA_NA_2.mzML.dia	P01008	P01008	ANT3_HUMAN	SERPINC1	262560	262560	262560	262560	262560	262560	EVPLNTIIFMGR	EVPLNTIIFMGR	EVPLNTIIFMGR2	2	0.00220264	0.0136986	1	59057.6	59057.6	0	3.85635	4171.4	3.89598	4125.98	0	0.627294	4.88268	0.956523	2.4283	0.273585	18990;11691;26252;17014;56458;8796;	16576.4;10873.1;26252;16229.2;20769;7357.13;	0.79141;0.776835;0.956652;0.789921;0.608976;0.780176;
./tmp//tQC_NA_NA_2.mzML.dia	P01008	P01008	ANT3_HUMAN	SERPINC1	262560	262560	262560	262560	262560	262560	EVPLNTIIFMGR	EVPLNTIIFMGR	EVPLNTIIFMGR3	3	0.00220264	0.0136986	1	15365.3	15365.3	0	3.86175	4169	3.89155	4129.93	0	0	5.36331	0.95449	1.55311	0.0944558	8064;6841;4378;1132;2821;1721;	8064;6424.63;2661.72;876.65;1732.18;940.57;	0.968995;0.95739;0.908367;0.943324;0.898201;0.823188;
./tmp//tQC_NA_NA_2.mzML.dia					3.49289e+06	3.49289e+06					EVQLVQSGAEVK	EVQLVQSGAEVK	EVQLVQSGAEVK2	2	0.00220264	1	0	96541.5	96541.5	0	1.96775	1340.7	2.04122	1268.44	0	0.811486	4.73193	0.956046	3.07478	0.472014	44504;33998;30019;19049;10442;47812;	34916.7;32628.8;29982;19049;1062.94;47510.5;	0.867925;0.921355;0.943387;0.950237;-0.0580477;0.950425;
./tmp//tQC_NA_NA_2.mzML.dia	P01024	P01024	CO3_HUMAN	C3	153839	153839	153839	153839	153839	153839	EVVADSVWVDVK	EVVADSVWVDVK	EVVADSVWVDVK2	2	0.00220264	0.0136986	1	64104.1	64104.1	0	2.99222	2795.9	3.00519	2784.44	0	0.87176	5.54455	0.956707	1.90984	0.160819	31960;26016;19590;29166;16060;20215;	31932.2;24299.1;19590;20586.2;15149.7;20215;	0.948292;0.955566;0.965601;0.824431;0.948523;0.951255;
./tmp//tQC_NA_NA_2.mzML.dia	P16112	P16112	PGCA_HUMAN	ACAN	12225.2	12225.2	12225.2	12225.2	12225.2	12225.2	EVVLLVATEGR	EVVLLVATEGR	EVVLLVATEGR2	2	0.331283	0.702128	1	12225.2	12225.2	0	2.6813	2677.1	2.93809	2163.28	0	-0.125963	3.40667	0.240728	0	-1e+07	2273;4359;5864;1540;844;3910;	1354.86;4359;5121.56;458.474;68.2046;863.114;	0.888759;0.969065;0.955123;0.405651;-0.032716;0.0410413;
./tmp//tQC_NA_NA_2.mzML.dia	P02790	P02790	HEMO_HUMAN	HPX	304223	304223	304223	304223	304223	304223	EWFWDLATGTMK	EWFWDLATGTMK	EWFWDLATGTMK2	2	0.00220264	0.0136986	1	36847.6	36847.6	0	4.22762	4280.1	4.1759	4304.69	0	0.93454	5.74347	0.956355	1.94393	0.105646	10352;17081;6433;14432;9845;7729;	10285.9;16716.7;6408.72;13888.5;9845;7579.95;	0.959585;0.964993;0.940526;0.960732;0.962294;0.94194;
./tmp//tQC_NA_NA_2.mzML.dia	P00450	P00450	CERU_HUMAN	CP	71879.6	71879.6	71879.6	71879.6	71879.6	71879.6	EYTDASFTNR	EYTDASFTNR	EYTDASFTNR2	2	0.00220264	0.0136986	1	13120.1	13120.1	0	1.76913	1091.3	1.74507	1110.49	0	0.847824	5.69211	0.956072	1.93401	0.139543	5584;4470;3710;3760;3433;2550;	5261.83;4470;3388.29;3161.82;3037.7;2111.48;	0.966901;0.968967;0.963407;0.923706;0.963116;0.926796;
./tmp//tQC_NA_NA_2.mzML.dia	P00450	P00450	CERU_HUMAN	CP	71879.6	71879.6	71879.6	71879.6	71879.6	71879.6	EYTDASFTNRK	EYTDASFTNRK	EYTDASFTNRK2	2	0.00220264	0.0136986	1	2965.95	2965.95	0	1.47532	936	1.43549	961.693	0	0.226693	4.11411	0.955101	1.88946	0.259897	1503;2416;973;1318;763;6548;	1503;1541.92;898.795;807.191;564.155;994.52;	0.924458;0.89178;0.927423;0.855086;0.902317;0.03087;
./tmp//tQC_NA_NA_2.mzML.dia	P05546	P05546	HEP2_HUMAN	SERPIND1	18971.3	18971.3	18971.3	18971.3	18971.3	18971.3	FAFNLYR	FAFNLYR	FAFNLYR2	2	0.00625	0.0136986	1	7204.46	7204.46	0	3.09715	2767.2	2.9838	2883.63	0	-0.054406	3.55047	0.942214	1.99133	0.321913	3441;2068;2556;5652;2829;2244;	3441;1826.65;1936.81;1433.39;956.101;204.854;	0.960222;0.939341;0.874377;0.0443663;0.656514;-0.189942;
./tmp//tQC_NA_NA_2.mzML.dia	Q06033	Q06033	ITIH3_HUMAN	ITIH3	2541.98	2541.98	2541.98	2541.98	2541.98	2541.98	FAHNVVTMR	FAHNVVTMR	FAHNVVTMR2	2	0.00625	0.025	1	2541.98	2541.98	0	1.6934	1046.7	1.66219	1067.44	0	0.269618	3.54803	0.943181	0	-1e+07	985;2914;1525;1610;1584;1490;	985;843.465;523.732;1033.25;441.49;368.825;	0.963141;0.502921;0.511724;0.880719;0.329833;0.370294;
./tmp//tQC_NA_NA_2.mzML.dia	Q14624	Q14624	ITIH4_HUMAN	ITIH4	53564.2	53564.2	53564.2	53564.2	53564.2	53564.2	FAHTVVTSR	FAHTVVTSR	FAHTVVTSR2	2	0.00220264	0.0136986	1	9013.05	9013.05	0	1.27323	848.6	1.25734	869.579	0	0.0944361	5.31183	0.956448	2.02253	0.158586	4062;4238;2268;1637;661;2920;	3282.55;4238;1181.91;1492.51;508.527;1971.48;	0.915019;0.94945;0.78929;0.941097;0.912402;0.880764;
./tmp//tQC_NA_NA_2.mzML.dia	P01008	P01008	ANT3_HUMAN	SERPINC1	262560	262560	262560	262560	262560	262560	FATTFYQHLAD	FATTFYQHLAD	FATTFYQHLAD2	2	0.165496	0.0136986	1	11138.7	11138.7	0	2.89312	2552.7	2.89883	2586.2	0	-0.193164	2.78113	0.367852	0	-1e+07	5160;3417;1882;1399;3348;1600;	4980.37;798.882;657.139;420.782;2681.49;1600;	0.787304;-0.0343776;0.139688;0.206589;0.64709;0.911812;
./tmp//tQC_NA_NA_2.mzML.dia	P01008	P01008	ANT3_HUMAN	SERPINC1	262560	262560	262560	262560	262560	262560	FATTFYQHLADSK	FATTFYQHLADSK	FATTFYQHLADSK2	2	0.00625	0.0136986	1	3291.25	3291.25	0	2.63717	2028.1	2.60226	2103.12	0	0.207237	4.04734	0.941857	0	-1e+07	2588;1617;2515;1256;1477;1262;	1924.37;974.892;1233.91;1256;1190.73;844.516;	0.715887;0.711067;0.594885;0.962322;0.83681;0.72822;
./tmp//tQC_NA_NA_2.mzML.dia	P01008	P01008	ANT3_HUMAN	SERPINC1	262560	262560	262560	262560	262560	262560	FATTFYQHLADSK	FATTFYQHLADSK	FATTFYQHLADSK3	3	0.00625	0.0136986	1	8268.01	8268.01	0	2.6298	2006	2.59189	2092.87	0	0.20753	4.40645	0.947655	1.38681	0.109426	3211;6436;3936;1661;2332;4295;	3211;3697.19;2365.26;1376.76;2083.73;3680.25;	0.960886;0.592603;0.759619;0.860812;0.937604;0.950918;
./tmp//tQC_NA_NA_2.mzML.dia					3.49289e+06	3.49289e+06					FDLSHGSAQVK	FDLSHGSAQVK	FDLSHGSAQVK2	2	0.0353659	1	0	19015.2	19015.2	0	2.55842	2252.8	2.6971	1970.99	0	-0.0704487	2.55003	0.687464	2.04375	0.22178	11435;3156;10104;2808;1439;3586;	4742.36;139.585;10104;501.971;73.074;3527.33;	0.384801;-0.112284;0.979282;-0.0377476;-0.224452;0.969462;
./tmp//tQC_NA_NA_2.mzML.dia	P08697	P08697	A2AP_HUMAN	SERPINF2	14446.4	14446.4	14446.4	14446.4	14446.4	14446.4	FDPSLTQR	FDPSLTQR	FDPSLTQR2	2	0.0599078	0.0136986	1	8433.31	8433.31	0	1.93832	1224.3	1.93105	1238.78	0	-0.171025	2.65933	0.57314	1.8484	0.153977	4491;4709;1900;8020;26968;3968;	4491;934.005;176.979;1209.98;5393.37;1621.35;	0.914915;0.0559929;-0.0374571;0.236472;0.25635;0.781257;
./tmp//tQC_NA_NA_2.mzML.dia	P04004	P04004	VTNC_HUMAN	VTN	89536.9	89536.9	89536.9	89536.9	89536.9	89536.9	FEDGVLDPDYPR	FEDGVLDPDYPR	FEDGVLDPDYPR2	2	0.00220264	0.0136986	1	70786.2	70786.2	0	2.73453	2365.7	2.77529	2257.17	0	0.946873	5.86013	0.956601	3.43875	0.195092	40667;19425;10708;13688;12161;14801;	40667;19411.2;10708;13281.3;10584.7;14160.1;	0.993978;0.986708;0.993823;0.965011;0.940036;0.973383;
./tmp//tQC_NA_NA_2.mzML.dia	P11142;P54652	P11142;P54652	HSP72_HUMAN;HSP7C_HUMAN	HSPA2;HSPA8	7232.27	7232.27	7232.27	7232.27			FEELNADLFR	FEELNADLFR	FEELNADLFR2	2	0.6952	0.338983	0	4389.78	4389.78	0	3.36088	3171	3.24745	3335.48	0	0.220414	2.18093	0.13145	1.1993	0.0901064	1528;2700;5548;2303;3355;1779;	407.696;552.623;2332.44;704.342;946.119;1779;	-0.00963407;0.000421695;0.536666;0.0283519;0.133713;0.975888;
./tmp//tQC_NA_NA_2.mzML.dia	P02042	P02042	HBD_HUMAN	HBD	7341.48	7341.48	7341.48	7341.48	7341.48	7341.48	FFESFGDLSSPDAVM(UniMod:35)GNPK	FFESFGDLSSPDAVMGNPK	FFESFGDLSSPDAVM(UniMod:35)GNPK3	3	0.208171	0.045977	1	5276.64	5276.64	0	3.06663	3373.1	3.35815	2853.77	0	-0.147017	2.8128	0.32859	4.49266	0.171104	367;2288;4036;3009;2856;1184;	82.9935;1389.65;4036;2829.11;801.859;173.025;	0.372532;0.549592;0.959441;0.817775;0.173694;0.12113;
./tmp//tQC_NA_NA_2.mzML.dia	P02042	P02042	HBD_HUMAN	HBD	7341.48	7341.48	7341.48	7341.48	7341.48	7341.48	FFESFGDLSSPDAVMGNPK	FFESFGDLSSPDAVMGNPK	FFESFGDLSSPDAVMGNPK3	3	0.0240202	0.045977	1	25476.6	25476.6	0	3.67093	3934.1	3.67279	3921.17	0	0.191206	4.38699	0.746095	4.81433	0.313049	5485;5479;1125;7913;6216;3495;	3276.35;5164.25;850.512;7449.57;6091.44;3495;	0.440771;0.866751;0.758801;0.889215;0.945479;0.979578;
./tmp//tQC_NA_NA_2.mzML.dia	P68871	P68871	HBB_HUMAN	HBB	17784.1	17784.1	17784.1	17784.1	17784.1	17784.1	FFESFGDLSTPD	FFESFGDLSTPD	FFESFGDLSTPD2	2	0.3858	0.0136986	1	94575.7	94575.7	0	3.67093	3958.9	3.69078	3921.17	0	0.404615	4.25262	0.21515	4.11189	0.600564	21600;3031;1972;6461;2989;84485;	17997;902.145;230.222;5971.36;2989;66716.2;	0.895671;0.640324;-0.363304;0.939341;0.961461;0.888562;
./tmp//tQC_NA_NA_2.mzML.dia	P68871	P68871	HBB_HUMAN	HBB	17784.1	17784.1	17784.1	17784.1	17784.1	17784.1	FFESFGDLSTPDAVM(UniMod:35)GNPK	FFESFGDLSTPDAVMGNPK	FFESFGDLSTPDAVM(UniMod:35)GNPK3	3	0.14649	0.0136986	1	15322.3	15322.3	0	3.17807	3571.8	3.46665	3028.66	0	-0.109725	3.66754	0.389022	2.83786	0.138553	4459;634;2753;6137;4654;3258;	3581.21;197.162;1454.8;4919.33;3366.62;3258;	0.7635;0.391364;0.347032;0.666808;0.722587;0.927107;
./tmp//tQC_NA_NA_2.mzML.dia	P68871	P68871	HBB_HUMAN	HBB	17784.1	17784.1	17784.1	17784.1	17784.1	17784.1	FFESFGDLSTPDAVM(UniMod:35)GNPKVK	FFESFGDLSTPDAVMGNPKVK	FFESFGDLSTPDAVM(UniMod:35)GNPKVK3	3	0.0155642	0.0136986	1	7564.94	7564.94	0	3.30355	3094.9	3.2153	3242.6	0	0.249764	2.37032	0.8082	0	-1e+07	2845;2965;4163;2159;390;4088;	2633.33;2965;1105.14;693.79;70.4087;1202.42;	0.829493;0.964531;0.0181746;0.0175414;0.230596;0.293789;
./tmp//tQC_NA_NA_2.mzML.dia	P68871	P68871	HBB_HUMAN	HBB	17784.1	17784.1	17784.1	17784.1	17784.1	17784.1	FFESFGDLSTPDAVMGNPK	FFESFGDLSTPDAVMGNPK	FFESFGDLSTPDAVMGNPK3	3	0.295186	0.0136986	1	23963.4	23963.4	0	3.6586	3986.1	3.71113	3902.62	0	-0.122633	4.58625	0.266863	3.9907	0.138935	5410;1079;5215;7941;6214;21722;	2395.51;1079;3338.67;4615.49;3927.75;11945.6;	0.376934;0.980792;0.75445;0.776748;0.739143;0.711371;
./tmp//tQC_NA_NA_2.mzML.dia	P68871	P68871	HBB_HUMAN	HBB	17784.1	17784.1	17784.1	17784.1	17784.1	17784.1	FFESFGDLSTPDAVMGNPKVK	FFESFGDLSTPDAVMGNPKVK	FFESFGDLSTPDAVMGNPKVK3	3	0.115505	0.0136986	1	19548.2	19548.2	0	3.43878	3642.8	3.49616	3488.46	0	0.0831439	2.47151	0.429825	2.26049	0.106389	4473;2300;5226;1583;790;20137;	2769.12;1344.95;5226;451.386;316.088;14666.6;	0.33997;0.481222;0.913284;-0.0489093;-0.112494;0.428099;
./tmp//tQC_NA_NA_2.mzML.dia	P08253	P08253	MMP2_HUMAN	MMP2	7010.36	7010.36	7010.36	7010.36	7010.36	7010.36	FFGLPQTGDLDQNTIETMR	FFGLPQTGDLDQNTIETMR	FFGLPQTGDLDQNTIETMR3	3	0.143003	0.416	1	7010.36	7010.36	0	3.73388	4103.8	3.80946	4007.35	0	0.269219	2.08845	0.390531	2.12684	0.12106	1700;1721;2601;2861;2062;2853;	968.628;1248.12;2601;1496.54;1587;1710.07;	0.48502;0.525001;0.889208;0.423045;0.244222;-0.0336939;
./tmp//tQC_NA_NA_2.mzML.dia	P0DMV8;P0DMV9	P0DMV8;P0DMV9	HS71A_HUMAN;HS71B_HUMAN	HSPA1A;HSPA1B	22614.1	22614.1	22614.1	22614.1			FGDPVVQSDMK	FGDPVVQSDMK	FGDPVVQSDMK2	2	0.284412	1	0	7087.12	7087.12	0	2.38618	1512.1	2.20354	1765.13	0	0.278134	2.85528	0.271279	1.9939	0.136631	1432;2007;1221;2453;4596;2475;	787.814;850.104;1221;1611.93;3232.27;605.008;	0.591221;0.473794;0.863703;0.601424;0.543469;0.124585;
./tmp//tQC_NA_NA_2.mzML.dia	P0C0L4;P0C0L5	P0C0L4;P0C0L5	CO4A_HUMAN;CO4B_HUMAN	C4A;C4B	101288	101288	101288	101288			FGLLDEDGK	FGLLDEDGK	FGLLDEDGK2	2	0.00625	0.0136986	0	7264	7264	0	2.62937	2021.6	2.59944	2092.25	0	0.0338081	2.46026	0.942461	0	-1e+07	2537;3263;2116;1958;2482;1659;	2537;2929.5;1797.5;1356.23;772.97;538.24;	0.973471;0.90997;0.853255;0.766556;0.457624;0.471943;
./tmp//tQC_NA_NA_2.mzML.dia	P80108	P80108	PHLD_HUMAN	GPLD1	5881.52	5881.52	5881.52	5881.52	5881.52	5881.52	FGSSLITVR	FGSSLITVR	FGSSLITVR2	2	0.113089	0.025	1	16271.7	16271.7	0	2.61703	2100.1	2.62628	2074.21	0	-0.315279	3.03339	0.43756	0	-1e+07	2060;1.25728e+06;3394;1683;1594;24090;	1848.27;3081.21;2132.77;1328.4;1594;6287.07;	0.668763;0.363664;0.771461;0.608818;0.916463;0.136191;
./tmp//tQC_NA_NA_2.mzML.dia	P02768	P02768	ALBU_HUMAN	ALB	6.02018e+06	6.02018e+06	6.52224e+06	6.52224e+06	6.52224e+06	6.52224e+06	FKDLGEENFK	FKDLGEENFK	FKDLGEENFK2	2	0.00625	0.0136986	1	2.00176e+06	2.00176e+06	0	1.96688	1321.7	2.02455	1267.53	0	0.990231	5.94169	0.948581	4.25613	0.479946	1.1495e+06;537934;314586;355928;477985;364094;	1.14941e+06;537766;314586;355849;463483;354703;	0.989791;0.99109;0.992105;0.989561;0.988067;0.986124;
./tmp//tQC_NA_NA_2.mzML.dia	P69905	P69905	HBA_HUMAN	HBA1	26062.1	26062.1	26062.1	26062.1	26062.1	26062.1	FLASVSTVLTSK	FLASVSTVLTSK	FLASVSTVLTSK2	2	0.590724	0.0136986	1	7168.75	7168.75	0	3.0649	3000.4	3.16924	2852.29	0	-0.0133082	1.89242	0.153163	2.43117	0.12261	1723;3170;3149;1249;1722;1652;	1723;1633.53;2316.78;776.3;320.266;398.872;	0.931072;0.156051;0.733018;0.360553;0.0576633;0.0953791;
./tmp//tQC_NA_NA_2.mzML.dia	P69905	P69905	HBA_HUMAN	HBA1	26062.1	26062.1	26062.1	26062.1	26062.1	26062.1	FLASVSTVLTSKY	FLASVSTVLTSKY	FLASVSTVLTSKY2	2	0.051462	0.0136986	1	6553.3	6553.3	0	3.32648	3493.8	3.43204	3278.76	0	0.0938102	2.47209	0.598011	4.20981	0.342811	6118;3288;2517;1688;3300;1617;	2462.38;258.808;809.478;213.249;1192.39;1617;	0.132166;0.0463268;0.183161;-0.0572677;-0.163274;0.899424;
./tmp//tQC_NA_NA_2.mzML.dia	P02751	P02751	FINC_HUMAN	FN1	21839.1	21839.1	21839.1	21839.1	21839.1	21839.1	FLATTPNSLLVSWQPPR	FLATTPNSLLVSWQPPR	FLATTPNSLLVSWQPPR3	3	0.00364299	0.0136986	1	16522.6	16522.6	0	3.92862	4219	4.00206	4172.44	0	0.148287	5.37344	0.950948	3.78948	0.215358	7206;9834;6073;3087;4110;3568;	7206;8694.02;5998.03;2798.84;3577.57;3318.54;	0.971518;0.899689;0.954606;0.922858;0.922567;0.949215;
./tmp//tQC_NA_NA_2.mzML.dia	P55058	P55058	PLTP_HUMAN	PLTP	1253.32	1253.32	1253.32	1253.32	1253.32	1253.32	FLEQELETITIPDLR	FLEQELETITIPDLR	FLEQELETITIPDLR3	3	0.690152	0.0531915	1	7699.73	7699.73	0	4.12463	4282.9	4.18452	4266.7	0	0.222141	2.04028	0.132063	3.1481	0.161235	13241;28850;2768;17227;3590;318;	1382.73;2213.51;1080.82;1510.73;1193.95;318;	-0.0776958;-0.0556384;0.72205;-0.0577558;0.561393;0.912223;
./tmp//tQC_NA_NA_2.mzML.dia	P08254;P09238	P08254;P09238	MMP10_HUMAN;MMP3_HUMAN	MMP10;MMP3	12324.7	12324.7	12324.7	12324.7			FLGLEVTGK	FLGLEVTGK	FLGLEVTGK2	2	0.312611	0.166667	0	12324.7	12324.7	0	2.88792	2580.1	2.90814	2575.88	0	0.0926445	3.09076	0.251133	1.71017	0.11222	2522;3870;493;6453;586;12311;	362.384;3870;44.3553;2252.56;137.765;7910.17;	-0.182374;0.964927;0.300254;0.396441;0.278701;0.746573;
./tmp//tQC_NA_NA_2.mzML.dia					3.49289e+06	3.49289e+06					FLGMFLYEYAR	FLGMFLYEYAR	FLGMFLYEYAR2	2	0.00220264	1	0	13016.6	13016.6	0	4.76938	4469.3	4.76662	4451.73	0	0.926523	4.90156	0.956341	0	-1e+07	5683;4108;3299;3910;4014;3599;	5487.75;3514.84;2569.52;3068.1;4014;2570.77;	0.949571;0.952577;0.90835;0.91572;0.978531;0.805798;
./tmp//tQC_NA_NA_2.mzML.dia	P19823	P19823	ITIH2_HUMAN	ITIH2	72324.5	72324.5	72324.5	72324.5	72324.5	72324.5	FLHVPDTFEGHFDGVPVISK	FLHVPDTFEGHFDGVPVISK	FLHVPDTFEGHFDGVPVISK3	3	0.00220264	0.0136986	1	30881	30881	0	3.46302	3707	3.52572	3541.39	0	0.962969	5.49022	0.956477	3.10813	0.147461	19177;6820;5377;8010;3326;4512;	19177;6697.97;5006.04;5759.49;2305.95;3483.02;	0.971219;0.976031;0.958035;0.89056;0.9364;0.910942;
./tmp//tQC_NA_NA_2.mzML.dia	P19823	P19823	ITIH2_HUMAN	ITIH2	72324.5	72324.5	72324.5	72324.5	72324.5	72324.5	FLHVPDTFEGHFDGVPVISK	FLHVPDTFEGHFDGVPVISK	FLHVPDTFEGHFDGVPVISK4	4	0.00220264	0.0136986	1	72324.5	72324.5	0	3.46972	3677.5	3.51153	3555.72	0	0.967855	5.75628	0.956352	3.69909	0.195984	31556;29293;41518;24819;11189;16216;	31556;28244.6;40921.2;24819;10674.7;15949.5;	0.974067;0.955804;0.946092;0.979319;0.95212;0.970966;
./tmp//tQC_NA_NA_2.mzML.dia					3.49289e+06	3.49289e+06					FLQHKDDNPNLPR	FLQHKDDNPNLPR	FLQHKDDNPNLPR2	2	0.0754098	1	0	2473.7	2473.7	0	1.4048	989.3	1.54666	930.069	0	0.0525624	2.52339	0.496901	0	-1e+07	691;1634;971;793;703;592;	148.794;1634;260.191;168.177;152.692;109.843;	0.188152;0.93302;0.346291;0.119096;0.157009;0.159259;
./tmp//tQC_NA_NA_2.mzML.dia					3.49289e+06	3.49289e+06					FLQHKDDNPNLPR	FLQHKDDNPNLPR	FLQHKDDNPNLPR3	3	0.0155642	1	0	1.76614e+06	1.76614e+06	0	1.84097	990.2	1.54852	1157.59	0	0.0322792	5.89192	0.811874	0	-1e+07	185279;486834;16398;391816;668622;19642;	185279;486814;15531.6;391816;668622;18081.2;	0.981518;0.973187;0.980124;0.986567;0.979622;0.973273;
./tmp//tQC_NA_NA_2.mzML.dia					3.49289e+06	3.49289e+06					FLSFPTTK	FLSFPTTK	FLSFPTTK2	2	0.187992	1	0	11149.4	11149.4	0	3.04823	2361.4	2.77191	2838.43	0	-0.148517	3.40003	0.347004	0	-1e+07	5909;16567;3858;9976;7672;6245;	5909;701.568;2020.28;868.646;1533.32;116.585;	0.951495;0.494535;0.321405;0.507388;0.225264;0.392194;
./tmp//tQC_NA_NA_2.mzML.dia	P01019	P01019	ANGT_HUMAN	AGT	21230	21230	21230	21230	21230	21230	FM(UniMod:35)QAVTGWK	FMQAVTGWK	FM(UniMod:35)QAVTGWK2	2	0.137718	0.0136986	1	10449.4	10449.4	0	2.32237	1619.9	2.30821	1659.67	0	0.609262	2.61552	0.398613	4.22352	0.239646	7590;4797;3657;448341;677;598730;	0;2194.8;3657;2412.35;0;2185.26;	0.223371;0.536653;0.939778;0.291809;-0.0931801;0.285945;
./tmp//tQC_NA_NA_2.mzML.dia	P01019	P01019	ANGT_HUMAN	AGT	21230	21230	21230	21230	21230	21230	FMQAVTGWK	FMQAVTGWK	FMQAVTGWK2	2	0.00220264	0.0136986	1	21230	21230	0	2.6919	2093.7	2.62436	2179.01	0	-0.0264804	4.31195	0.954499	0	-1e+07	8623;5724;9677;8213;3123;4715;	8623;5639.24;4588.3;6967.75;2269.58;2920.82;	0.978498;0.933453;0.206695;0.842314;0.79025;0.776721;
./tmp//tQC_NA_NA_2.mzML.dia	P51884	P51884	LUM_HUMAN	LUM	26322.9	26322.9	26322.9	26322.9	26322.9	26322.9	FNALQYLR	FNALQYLR	FNALQYLR2	2	0.00364299	0.0136986	1	13262	13262	0	3.1971	2952.5	3.13706	3065.9	0	0.441896	4.44805	0.952683	0	-1e+07	6966;14702;4718;6085;2591;4706;	6966;7865.35;4046.56;5111.31;2249.47;2948.77;	0.935971;0.662395;0.917618;0.812944;0.912091;0.647896;
./tmp//tQC_NA_NA_2.mzML.dia					3.49289e+06	3.49289e+06					FNGNTLDNDIMLIK	FNGNTLDNDIMLIK	FNGNTLDNDIMLIK2	2	0.0536131	1	0	7521.27	7521.27	0	3.57573	3794.1	3.57718	3764.53	0	-0.227782	2.09438	0.594413	3.78695	0.209022	2762;1960;1806;5076;1112;1213;	1620.87;1276.2;1806;1860.9;248.165;709.131;	0.519167;0.406614;0.914547;0.138658;0.146184;0.234128;
./tmp//tQC_NA_NA_2.mzML.dia	P00450	P00450	CERU_HUMAN	CP	71879.6	71879.6	71879.6	71879.6	71879.6	71879.6	FNKNNEGTYYSPN	FNKNNEGTYYSPN	FNKNNEGTYYSPN2	2	0.0790043	0.0136986	1	4570.43	4570.43	0	1.42902	1010.1	1.58934	940.916	0	-0.11196	4.18832	0.483671	1.49737	0.378746	1984;933;992;462;925;1532;	1984;346.793;845.082;161.229;390.842;1189.28;	0.95663;0.660763;0.898074;0.46049;0.773453;0.847656;
./tmp//tQC_NA_NA_2.mzML.dia	P00450	P00450	CERU_HUMAN	CP	71879.6	71879.6	71879.6	71879.6	71879.6	71879.6	FNKNNEGTYYSPNYNPQSR	FNKNNEGTYYSPNYNPQSR	FNKNNEGTYYSPNYNPQSR3	3	0.00937082	0.0136986	1	4427.88	4427.88	0	1.83557	1104.7	1.7683	1153.73	0	0	2.83035	0.887119	0	-1e+07	1935;2008;1388;6082;1609;2902;	1935;1309.67;1183.21;1550.01;609.847;413.52;	0.923415;0.720717;0.816978;-0.0028614;0.46949;0.0509955;
./tmp//tQC_NA_NA_2.mzML.dia	P01009	P01009	A1AT_HUMAN	SERPINA1	589664	589664	589664	589664	589664	589664	FNKPFVFLMIEQNTK	FNKPFVFLMIEQNTK	FNKPFVFLMIEQNTK3	3	0.00220264	0.0136986	1	262835	262835	0	3.85375	4086.3	3.79357	4124.05	0	0.785485	5.59745	0.95524	4.55466	0.949976	126753;127571;110334;128294;95025;29665;	125758;124802;108368;108603;64925.6;29665;	0.956411;0.963885;0.959077;0.926661;0.786177;0.965258;
./tmp//tQC_NA_NA_2.mzML.dia	P01857	P01857	IGHG1_HUMAN	IGHG1	2.18089e+06	2.18089e+06	2.18089e+06	2.18089e+06	2.18089e+06	2.18089e+06	FNWYVDGVEVHNAK	FNWYVDGVEVHNAK	FNWYVDGVEVHNAK2	2	0.00220264	0.0136986	1	348704	348704	0	2.84855	2450.9	2.84604	2502.47	0	0.983207	5.82001	0.955791	0	-1e+07	329119;165388;146937;91485;165837;91981;	317886;165255;146937;91485;159979;91964.2;	0.969108;0.964969;0.961838;0.973932;0.963559;0.979143;
./tmp//tQC_NA_NA_2.mzML.dia	P01857	P01857	IGHG1_HUMAN	IGHG1	2.18089e+06	2.18089e+06	2.18089e+06	2.18089e+06	2.18089e+06	2.18089e+06	FNWYVDGVEVHNAK	FNWYVDGVEVHNAK	FNWYVDGVEVHNAK3	3	0.00220264	0.0136986	1	678736	678736	0	2.8531	2412.8	2.81465	2510.73	0	0.992793	5.71688	0.954421	0	-1e+07	322143;294489;188830;523404;245929;169047;	320873;286766;188816;486956;245808;169047;	0.973128;0.961659;0.964064;0.960483;0.957631;0.963959;
./tmp//tQC_NA_NA_2.mzML.dia	P02768	P02768	ALBU_HUMAN	ALB	6.02018e+06	6.02018e+06	6.52224e+06	6.52224e+06	6.52224e+06	6.52224e+06	FPKAEFAEVSK	FPKAEFAEVSK	FPKAEFAEVSK2	2	0.284412	0.0136986	1	33435.4	33435.4	0	2.02898	1429.7	2.12103	1339.4	0	-0.112083	4.55236	0.27149	3.01283	0.204658	2097;12178;3509;1587;18488;956;	585.202;10520.5;3509;577.364;17890.9;352.477;	0.512268;0.944137;0.976486;0.667029;0.975818;0.730706;
./tmp//tQC_NA_NA_2.mzML.dia	P02774	P02774	VTDB_HUMAN	GC	53475.6	53475.6	53475.6	53475.6	53475.6	53475.6	FPSGTFEQVSQLVK	FPSGTFEQVSQLVK	FPSGTFEQVSQLVK3	3	0.330986	0.0136986	1	5293.9	5293.9	0	3.48118	3560.6	3.46198	3579.95	0	0	2.42518	0.241071	1.71592	0.168791	2670;948;2745;3037;3343;1315;	832.323;787.443;543.165;1044.52;771.45;1315;	0.0258441;0.348331;0.0522793;0.17803;0.143809;0.866697;
./tmp//tQC_NA_NA_2.mzML.dia	P09172	P09172	DOPO_HUMAN	DBH	3595	3595	3595	3595	3595	3595	FQGEWNLQPLPK	FQGEWNLQPLPK	FQGEWNLQPLPK2	2	0.607748	0.0531915	1	6792.79	6792.79	0	3.30225	2961.8	3.14395	3240.56	0	0.0315446	2.10498	0.145781	0	-1e+07	1165;3106;1606;6447;9340;2198;	153.823;3106;181.4;1568.68;1365.97;416.925;	-0.0844855;0.9527;-0.438911;0.614414;-0.01543;-0.0159232;
./tmp//tQC_NA_NA_2.mzML.dia	P31150	P31150	GDIA_HUMAN	GDI1	8292.17	8292.17	8292.17	8292.17	8292.17	8292.17	FQLLEGPPESMGR	FQLLEGPPESMGR	FQLLEGPPESMGR2	2	0.0240202	0.142857	1	8292.17	8292.17	0	3.30225	2952.9	3.13736	3240.56	0	0.213375	2.67312	0.744908	0	-1e+07	2367;3106;2346;1507;1864;2303;	2367;2543.95;961.749;693.557;919.14;806.772;	0.845709;0.734145;0.308624;-0.148528;0.365754;0.0689977;
./tmp//tQC_NA_NA_2.mzML.dia	P02768	P02768	ALBU_HUMAN	ALB	6.02018e+06	6.02018e+06	6.52224e+06	6.52224e+06	6.52224e+06	6.52224e+06	FQNALLVR	FQNALLVR	FQNALLVR2	2	0.00625	0.0136986	1	5.52296e+06	5.52296e+06	0	2.48095	2130.2	2.63594	1891.31	0	0.853577	5.50302	0.935972	2.43591	0.0857655	2.57216e+06;835493;1.21635e+06;2.64839e+06;1.09783e+06;897824;	2.57216e+06;759792;984073;2.191e+06;962242;762331;	0.98717;0.887905;0.865666;0.910687;0.887145;0.878266;
./tmp//tQC_NA_NA_2.mzML.dia	P01031	P01031	CO5_HUMAN	C5	12429.9	12429.9	12429.9	12429.9	12429.9	12429.9	FQNSAILTIQPK	FQNSAILTIQPK	FQNSAILTIQPK2	2	0.00220264	0.0136986	1	6379.12	6379.12	0	2.72133	2391.4	2.79624	2229.73	0	0.342934	4.58594	0.955732	2.08797	0.0977621	1824;4359;1938;1620;905;5545;	1824;3224.75;1505.86;1330.37;627.03;925.07;	0.979471;0.962357;0.882746;0.930307;0.895507;-0.0103617;
./tmp//tQC_NA_NA_2.mzML.dia	P05155	P05155	IC1_HUMAN	SERPING1	83273	83273	83273	83273	83273	83273	FQPTLLTLPR	FQPTLLTLPR	FQPTLLTLPR2	2	0.00220264	0.0136986	1	83273	83273	0	3.39658	3443.2	3.40519	3400.19	0	0.466177	5.5614	0.955925	0	-1e+07	48062;20698;14513;5245;10221;12421;	48062;20698;14513;5194.9;6132.42;10852;	0.985045;0.991103;0.979283;0.970338;0.560534;0.962636;
./tmp//tQC_NA_NA_2.mzML.dia					3.49289e+06	3.49289e+06					FQSGQVLAALPR	FQSGQVLAALPR	FQSGQVLAALPR2	2	0.00220264	1	0	6457.73	6457.73	0	2.97902	2749.2	2.97181	2766.54	0	0.813366	3.78363	0.95526	1.74472	0.0939272	3634;1779;10261;1244;1641;1792;	3390.3;1779;2692.16;1031.07;1288.43;970.417;	0.914571;0.972274;0.0125446;0.852349;0.863617;0.596902;
./tmp//tQC_NA_NA_2.mzML.dia	P01008	P01008	ANT3_HUMAN	SERPINC1	262560	262560	262560	262560	262560	262560	FRIEDGFSLK	FRIEDGFSLK	FRIEDGFSLK2	2	0.0085592	0.0136986	1	10331.8	10331.8	0	2.89138	2519.8	2.8856	2582.74	0	0.128249	3.48785	0.915315	3.08219	0.264455	7409;38264;2303;3781;3899;3182;	7409;1184.76;1962.46;1154.57;1245.74;960.357;	0.986888;0.114237;0.83676;0.512464;0.538123;0.672526;
./tmp//tQC_NA_NA_2.mzML.dia					3.49289e+06	3.49289e+06					FSALEVDETYVPK	FSALEVDETYVPK	FSALEVDETYVPK2	2	0.00220264	1	0	187740	187740	0	3.01947	2835	3.03752	2813.72	0	0.982858	5.82799	0.955334	3.17196	0.442023	136280;46511;46261;57039;37147;16406;	136280;46122;45649.9;56728.4;35437.1;16023.4;	0.971977;0.969808;0.967882;0.964864;0.974499;0.973246;
./tmp//tQC_NA_NA_2.mzML.dia	P05543	P05543	THBG_HUMAN	SERPINA7	7531.26	7531.26	7531.26	7531.26	7531.26	7531.26	FSISATYDLGATLLK	FSISATYDLGATLLK	FSISATYDLGATLLK2	2	0.00220264	0.0136986	1	2631.93	2631.93	0	4.05627	4243.9	4.06896	4234.96	0	-0.0540364	4.05795	0.954323	0	-1e+07	1624;1746;1826;6616;1307;778;	916.826;1040.2;820.237;1225.57;813.729;778;	0.843702;0.850926;0.778279;-0.00931693;0.844363;0.953202;
./tmp//tQC_NA_NA_2.mzML.dia	P29622	P29622	KAIN_HUMAN	SERPINA4	18052.3	18052.3	18052.3	18052.3	18052.3	18052.3	FSISGSYVLDQILPR	FSISGSYVLDQILPR	FSISGSYVLDQILPR2	2	0.00220264	0.0136986	1	7679.91	7679.91	0	4.25445	4307	4.26011	4312.81	0	0.0171266	4.51798	0.955795	2.04386	0.206693	2779;2415;2712;2678;6609;2402;	2723.01;1786.21;2464.83;2554.89;4358.91;2402;	0.902809;0.760029;0.81473;0.875052;0.456988;0.968637;
./tmp//tQC_NA_NA_2.mzML.dia	Q15582	Q15582	BGH3_HUMAN	TGFBI	4596.78	4596.78	4596.78	4596.78	4596.78	4596.78	FSMLVAAIQSAGLTETLNR	FSMLVAAIQSAGLTETLNR	FSMLVAAIQSAGLTETLNR3	3	0.168986	0.0136986	1	28023.1	28023.1	0	4.5461	4344.7	4.38056	4384.13	0	0.108986	4.59469	0.362498	3.26642	0.114325	5114;8952;5516;8091;4566;2291;	4847.14;8840.88;5516;6984.59;631;1203.49;	0.883043;0.936379;0.974695;0.82294;-0.166304;0.638381;
./tmp//tQC_NA_NA_2.mzML.dia	P01031	P01031	CO5_HUMAN	C5	12429.9	12429.9	12429.9	12429.9	12429.9	12429.9	FSYSSGHVHLSSENK	FSYSSGHVHLSSENK	FSYSSGHVHLSSENK3	3	0.00364299	0.0136986	1	2607.7	2607.7	0	1.69383	1019.9	1.60917	1067.68	0	-0.102565	3.52884	0.951726	0	-1e+07	1573;1078;1536;666;2920;532;	845.187;1078;1197.99;360.955;622.812;331.709;	0.674844;0.948736;0.834159;0.670928;-0.0338575;0.764109;
./tmp//tQC_NA_NA_2.mzML.dia	P02751	P02751	FINC_HUMAN	FN1	21839.1	21839.1	21839.1	21839.1	21839.1	21839.1	FTNIGPDTMR	FTNIGPDTMR	FTNIGPDTMR2	2	0.0650685	0.0136986	1	50618.2	50618.2	0	2.44655	1518.1	2.20967	1858.66	0	-0.308357	5.18693	0.564374	2.4992	0.346355	9915;21622;5936;3790;4143;13574;	9673.97;21622;5936;3635.88;2810.82;9750.3;	0.934421;0.957402;0.986794;0.953552;0.709124;0.798522;
./tmp//tQC_NA_NA_2.mzML.dia	P05546	P05546	HEP2_HUMAN	SERPIND1	18971.3	18971.3	18971.3	18971.3	18971.3	18971.3	FTVDRPFLFLIYEHR	FTVDRPFLFLIYEHR	FTVDRPFLFLIYEHR3	3	0.00364299	0.0136986	1	8870.88	8870.88	0	3.91672	4141.2	3.84784	4165.62	0	0.79548	3.81708	0.9517	2.4785	0.467826	3509;4563;1404;5601;1696;3269;	3509;4062.31;1299.58;1853.31;983.505;1470.34;	0.951688;0.893481;0.839528;0.0750414;0.764354;0.502633;
./tmp//tQC_NA_NA_2.mzML.dia					3.49289e+06	3.49289e+06					FVELTMPYSVIR	FVELTMPYSVIR	FVELTMPYSVIR2	2	0.00220264	1	0	15824.6	15824.6	0	3.72157	4058.3	3.76915	3991.68	0	0.476427	5.00281	0.955714	2.04935	0.201441	5255;5198;2860;3622;2455;6333;	5056.44;4435.18;2370.17;2631.9;1902.59;6333;	0.948118;0.954704;0.930061;0.89948;0.883368;0.976552;
./tmp//tQC_NA_NA_2.mzML.dia	O14786	O14786	NRP1_HUMAN	NRP1	5709.56	5709.56	5709.56	5709.56	5709.56	5709.56	FVTAVGTQGAISK	FVTAVGTQGAISK	FVTAVGTQGAISK2	2	0.0426035	0.196262	1	5709.56	5709.56	0	2.20207	1487.5	2.17841	1490.34	0	-0.175128	2.07865	0.630684	3.32448	0.406984	1980;5007;2665;6942;2399;2374;	408.388;395.325;2665;546.539;868.677;825.633;	0.198005;-0.0312631;0.96109;-0.04901;0.515275;0.527347;
./tmp//tQC_NA_NA_2.mzML.dia	P01024	P01024	CO3_HUMAN	C3	153839	153839	153839	153839	153839	153839	FVTVQATFGTQVVEK	FVTVQATFGTQVVEK	FVTVQATFGTQVVEK2	2	0.00220264	0.0136986	1	20094.1	20094.1	0	2.95955	2864.3	3.06304	2734.03	0	0.892301	4.97188	0.956094	0	-1e+07	13064;15698;5623;4932;11539;5894;	6127.14;11139.5;5623;4819.67;9651.46;4746.45;	0.169993;0.696035;0.979506;0.962051;0.881076;0.669315;
./tmp//tQC_NA_NA_2.mzML.dia	P01024	P01024	CO3_HUMAN	C3	153839	153839	153839	153839	153839	153839	FVTVQATFGTQVVEK	FVTVQATFGTQVVEK	FVTVQATFGTQVVEK3	3	0.00625	0.0136986	1	12598.8	12598.8	0	2.96408	2847.8	3.04859	2742.34	0	0	2.65191	0.941958	0	-1e+07	6743;4260;9380;2881;12512;2712;	6407.19;4260;3018.43;1931.65;2630.56;1362.41;	0.889756;0.971784;0.298157;0.731683;-0.212069;0.522721;
./tmp//tQC_NA_NA_2.mzML.dia	P00747	P00747	PLMN_HUMAN	PLG	47486.4	47486.4	47486.4	47486.4	47486.4	47486.4	FVTWIEGVMR	FVTWIEGVMR	FVTWIEGVMR2	2	0.00220264	0.0136986	1	40835.2	40835.2	0	3.73042	3886.7	3.6396	4003.02	0	0.224769	5.5858	0.95579	1.39207	0.0858521	21801;19659;11426;14524;9445;6200;	21801;18852.7;10819.6;13565.7;8214.6;4017.58;	0.971391;0.956777;0.962041;0.955764;0.961428;0.935375;
./tmp//tQC_NA_NA_2.mzML.dia					3.49289e+06	3.49289e+06					FYAPELLFFAK	FYAPELLFFAK	FYAPELLFFAK2	2	0.00220264	1	0	906732	906732	0	4.42277	4351.3	4.40156	4354.62	0	0.994246	5.85959	0.956009	3.62685	0.103599	431929;624003;242459;236787;82146;107842;	429751;624003;241464;235517;77457.2;105946;	0.978249;0.973796;0.980857;0.9699;0.968581;0.968889;
./tmp//tQC_NA_NA_2.mzML.dia	Q7Z7G0	Q7Z7G0	TARSH_HUMAN	ABI3BP	5467.43	5467.43	5467.43	5467.43	5467.43	5467.43	FYNIGDQR	FYNIGDQR	FYNIGDQR2	2	0.0709534	0.241379	1	5467.43	5467.43	0	2.02552	1263.7	1.97126	1335.02	0	-0.00990312	2.53501	0.528363	2.03951	0.112149	6264;3716;5685;3637;1490;3538;	2344.9;946.693;721.501;911.026;1490;583.914;	0.367127;0.00672168;0.311029;0.4122;0.88864;0.277539;
./tmp//tQC_NA_NA_2.mzML.dia	P19823	P19823	ITIH2_HUMAN	ITIH2	72324.5	72324.5	72324.5	72324.5	72324.5	72324.5	FYNQVSTPLLR	FYNQVSTPLLR	FYNQVSTPLLR2	2	0.00220264	0.0136986	1	38498.4	38498.4	0	2.88122	2574.1	2.9062	2562.89	0	0.383473	5.82434	0.956603	1.27753	0.092285	22210;10970;7556;4705;6328;7359;	22210;10457;6880.96;4365.42;5831.33;6149.35;	0.975094;0.970879;0.967302;0.956754;0.982405;0.962815;
./tmp//tQC_NA_NA_2.mzML.dia	P01024	P01024	CO3_HUMAN	C3	153839	153839	153839	153839	153839	153839	FYYIYNEK	FYYIYNEK	FYYIYNEK2	2	0.00220264	0.0136986	1	40186.8	40186.8	0	2.53288	1823.3	2.44048	1938.03	0	0.695602	5.47563	0.956595	0	-1e+07	33655;19845;13566;16618;10275;7486;	33541.9;17846.1;13566;15888.7;8684.84;6451.91;	0.945368;0.950936;0.947122;0.95296;0.94502;0.975949;
./tmp//tQC_NA_NA_2.mzML.dia	P29622	P29622	KAIN_HUMAN	SERPINA4	18052.3	18052.3	18052.3	18052.3	18052.3	18052.3	FYYLIASETPGK	FYYLIASETPGK	FYYLIASETPGK2	2	0.00937082	0.0136986	1	10269.2	10269.2	0	3.04242	2819.9	3.02471	2833.64	0	-0.155841	2.56415	0.882847	1.92148	0.150205	8546;3537;6144;2984;2413;12549;	5775.28;1991.19;3475.17;2984;1509.91;3484.55;	0.609237;0.38551;0.117374;0.921128;0.436386;0.278996;
./tmp//tQC_NA_NA_2.mzML.dia					3.49289e+06	3.49289e+06					GAAANLELIFVGPQHAGNYR	GAAANLELIFVGPQHAGNYR	GAAANLELIFVGPQHAGNYR3	3	0.00364299	1	0	9926.85	9926.85	0	3.44938	3461	3.41519	3511.82	0	0.72452	4.52949	0.952745	3.34647	0.152743	5191;2907;4390;3816;3590;4493;	4804.2;2869.19;2868.14;3467.66;3590;2589.76;	0.905422;0.935679;0.530444;0.93683;0.919085;0.401565;
./tmp//tQC_NA_NA_2.mzML.dia	P04040	P04040	CATA_HUMAN	CAT	3618.64	3618.64	3618.64	3618.64	3618.64	3618.64	GAGAFGYFEVTHDITK	GAGAFGYFEVTHDITK	GAGAFGYFEVTHDITK3	3	0.0748075	0.166667	1	5902.18	5902.18	0	3.1125	2891.5	3.08685	2902.75	0	-0.0832949	1.92103	0.504151	0	-1e+07	2016;1701;1015;2057;3725;2013;	802.763;1701;267.901;510.849;1459.2;1160.47;	0.149242;0.905287;0.0958868;0.401743;0.199576;0.151921;
./tmp//tQC_NA_NA_2.mzML.dia	P04040	P04040	CATA_HUMAN	CAT	3618.64	3618.64	3618.64	3618.64	3618.64	3618.64	GAGAFGYFEVTHDITKYSK	GAGAFGYFEVTHDITKYSK	GAGAFGYFEVTHDITKYSK3	3	0.0344828	0.166667	1	3618.64	3618.64	0	3.0794	2856.4	3.05611	2865.28	0	0.309902	2.09778	0.696822	2.31528	0.118489	3250;1400;3491;4088;770;4537;	663.388;1400;663.388;288.789;0;603.08;	0.44914;0.89604;0.433428;-0.178953;0.0493029;0.515632;
./tmp//tQC_NA_NA_2.mzML.dia					3.49289e+06	3.49289e+06					GAHAGEYGAEALER	GAHAGEYGAEALER	GAHAGEYGAEALER2	2	0.240987	1	0	2636.2	2636.2	0	1.74793	1051.1	1.6707	1097.98	0	0.298422	2.84292	0.30199	4.20114	0.159199	953;892;2256;609;981;1251;	164.596;892;977.269;133.196;469.143;0;	0.0627675;0.965344;0.595848;0.25649;0.492751;0.248315;
./tmp//tQC_NA_NA_2.mzML.dia	Q96KN2	Q96KN2	CNDP1_HUMAN	CNDP1	3919.78	3919.78	3919.78	3919.78	3919.78	3919.78	GATDNKGPVLAWINAVSAFR	GATDNKGPVLAWINAVSAFR	GATDNKGPVLAWINAVSAFR3	3	0.0763359	0.0531915	1	19904.6	19904.6	0	4.26332	4313.6	4.28112	4315.37	0	-0.00682686	1.79555	0.494731	1.62818	0.286665	17184;2173;2476;2175;2779;2163;	17184;528.111;141.313;645.887;512.166;893.164;	0.983463;0.171859;0.0294923;0.192705;0.215715;0.477011;
./tmp//tQC_NA_NA_2.mzML.dia	P00450	P00450	CERU_HUMAN	CP	71879.6	71879.6	71879.6	71879.6	71879.6	71879.6	GAYPLSIEPIGVR	GAYPLSIEPIGVR	GAYPLSIEPIGVR2	2	0.00220264	0.0136986	1	71879.6	71879.6	0	3.25162	3311	3.31606	3160.67	0	0.905437	5.71737	0.956315	2.02857	0.150356	39707;29487;24879;31387;13084;15338;	39392.4;28437.7;24879;31286;12156;14647.8;	0.93637;0.954731;0.954589;0.965744;0.95631;0.943764;
./tmp//tQC_NA_NA_2.mzML.dia	P00450	P00450	CERU_HUMAN	CP	71879.6	71879.6	71879.6	71879.6	71879.6	71879.6	GAYPLSIEPIGVR	GAYPLSIEPIGVR	GAYPLSIEPIGVR3	3	0.00220264	0.0136986	1	8431.58	8431.58	0	3.25747	3309.6	3.31522	3170.11	0	0	5.77607	0.954749	2.53437	0.140845	11168;5074;2288;7226;2426;2454;	11168;4490.54;1937.86;4655.73;2003.19;1966.72;	0.966273;0.983992;0.970088;0.917163;0.976066;0.931369;
./tmp//tQC_NA_NA_2.mzML.dia	P01008	P01008	ANT3_HUMAN	SERPINC1	262560	262560	262560	262560	262560	262560	GDDITMVLILPKPEK	GDDITMVLILPKPEK	GDDITMVLILPKPEK2	2	0.00220264	0.0136986	1	3967.69	3967.69	0	3.47752	3689.1	3.51696	3572.25	0	0.413762	4.38553	0.95653	2.07936	0.220584	3435;1805;809;4159;1092;1724;	1953.27;1805;617.641;2484.54;849.169;1313.52;	0.73904;0.982474;0.871717;0.819279;0.883945;0.911981;
./tmp//tQC_NA_NA_2.mzML.dia	P01008	P01008	ANT3_HUMAN	SERPINC1	262560	262560	262560	262560	262560	262560	GDDITMVLILPKPEK	GDDITMVLILPKPEK	GDDITMVLILPKPEK3	3	0.00220264	0.0136986	1	7780.45	7780.45	0	3.45738	3691.4	3.51806	3529.23	0	0.664109	4.15784	0.956025	2.34705	0.1191	6097;3762;3845;4659;2504;2930;	3200.23;3762;2256.82;1626.88;2062.97;1955.49;	0.808553;0.988592;0.810613;0.48285;0.913559;0.867872;
./tmp//tQC_NA_NA_2.mzML.dia	P08697	P08697	A2AP_HUMAN	SERPINF2	14446.4	14446.4	14446.4	14446.4	14446.4	14446.4	GDKLFGPDLK	GDKLFGPDLK	GDKLFGPDLK2	2	0.168986	0.0136986	1	55257.9	55257.9	0	2.49502	1501.5	2.1927	1902.97	0	0.662255	4.00053	0.362233	3.61025	0.147633	18594;7252;6392;15650;10752;9208;	18410.9;7252;130.798;12901.2;7808.5;8754.48;	0.984975;0.9919;-0.263366;0.830918;0.747705;0.96229;
./tmp//tQC_NA_NA_2.mzML.dia	P02790	P02790	HEMO_HUMAN	HPX	304223	304223	304223	304223	304223	304223	GDKVWVYPPEK	GDKVWVYPPEK	GDKVWVYPPEK2	2	0.104651	0.0136986	1	19477.2	19477.2	0	2.1285	1493.9	2.18493	1429.44	0	0.408608	3.26739	0.451011	0	-1e+07	356768;3373;6749;5600;2158;2943;	8200.19;3224.13;6164.68;3249.91;2158;2645.01;	0.0897846;0.93472;0.850194;0.427746;0.962238;0.890655;
./tmp//tQC_NA_NA_2.mzML.dia	P02790	P02790	HEMO_HUMAN	HPX	304223	304223	304223	304223	304223	304223	GDKVWVYPPEKK	GDKVWVYPPEKK	GDKVWVYPPEKK2	2	0.00220264	0.0136986	1	11888	11888	0	1.7977	1145.8	1.83351	1128.19	0	0.221648	4.81812	0.956548	2.12642	0.106084	5698;3691;4288;2812;1894;2311;	5698;3638.89;3953.86;2551.1;1604.04;1829.84;	0.982134;0.981256;0.979135;0.954966;0.927904;0.886843;
./tmp//tQC_NA_NA_2.mzML.dia	P02790	P02790	HEMO_HUMAN	HPX	304223	304223	304223	304223	304223	304223	GDKVWVYPPEKK	GDKVWVYPPEKK	GDKVWVYPPEKK3	3	0.00220264	0.0136986	1	45226.9	45226.9	0	1.79033	1136.2	1.81917	1123.51	0	0.822854	5.07719	0.956208	2.2472	0.100315	23031;13050;9325;7903;6449;6875;	22965.8;12936.1;9325;7844.07;5618.33;2856.22;	0.959261;0.962822;0.971882;0.953374;0.929256;0.27218;
./tmp//tQC_NA_NA_2.mzML.dia	P08254	P08254	MMP3_HUMAN	MMP3	13766	13766	13766	13766	13766	13766	GEDTSM(UniMod:35)NLVQK	GEDTSMNLVQK	GEDTSM(UniMod:35)NLVQK2	2	0.0344828	0.166667	1	13766	13766	0	1.3256	880.4	1.32107	894.157	0	0.20064	3.40207	0.697698	2.70707	0.248185	6729;4706;48048;2535;409;18674;	6705.06;4660.84;2320.54;198.749;79.5543;18674;	0.961736;0.962844;-0.022591;-0.0179182;0.627613;0.938011;
./tmp//tQC_NA_NA_2.mzML.dia	P08254	P08254	MMP3_HUMAN	MMP3	13766	13766	13766	13766	13766	13766	GEDTSMNLVQK	GEDTSMNLVQK	GEDTSMNLVQK2	2	0.0344828	0.166667	1	7066.93	7066.93	0	1.96688	1168.8	1.8654	1267.53	0	-0.0787185	4.49435	0.697245	2.34293	0.234464	4743;2529;521;3075;3156;3019;	4440.91;2529;97.0208;2902.3;2350.86;2805.25;	0.914338;0.983121;0.327773;0.899841;0.81123;0.830077;
./tmp//tQC_NA_NA_2.mzML.dia	P08253	P08253	MMP2_HUMAN	MMP2	7010.36	7010.36	7010.36	7010.36	7010.36	7010.36	GEIFFFKDR	GEIFFFKDR	GEIFFFKDR2	2	0.308994	0.416	1	33216.3	33216.3	0	2.76763	2459.1	2.85182	2339.24	0	0.151551	3.33506	0.253412	2.41402	0.231102	2167;3222;29202;6347;4420;1413;	792.255;3222;29202;3436.38;1140.53;468.065;	0.00662898;0.940965;0.974565;0.767723;0.0537741;0.598085;
./tmp//tQC_NA_NA_2.mzML.dia	P08254	P08254	MMP3_HUMAN	MMP3	13766	13766	13766	13766	13766	13766	GEILIFKDR	GEILIFKDR	GEILIFKDR2	2	0.0748075	0.166667	1	14652.6	14652.6	0	2.48268	1903.4	2.50384	1892.76	0	0.438438	5.5276	0.506375	5.0445	0.397472	11490;2604;4861;16738;8028;3177;	9554.01;1756.76;3341.85;12016.3;7417.25;3177;	0.953984;0.920494;0.816403;0.857921;0.983044;0.978562;
./tmp//tQC_NA_NA_2.mzML.dia	P04217	P04217	A1BG_HUMAN	A1BG	57438.7	57438.7	57438.7	57438.7	57438.7	57438.7	GEKELLVPR	GEKELLVPR	GEKELLVPR2	2	0.00762195	0.0136986	1	1409.64	1409.64	0	1.76697	1117.9	1.79029	1109.2	0	0.545628	2.99929	0.931359	2.73929	0.169926	625;1176;995;340;657126;3000;	154.033;218.905;241.119;340;139.355;915.607;	0.673395;0.526851;0.280643;0.947119;-0.0778253;0.673978;
./tmp//tQC_NA_NA_2.mzML.dia	P05546	P05546	HEP2_HUMAN	SERPIND1	18971.3	18971.3	18971.3	18971.3	18971.3	18971.3	GETHEQVHSILHFK	GETHEQVHSILHFK	GETHEQVHSILHFK3	3	0.107368	0.0136986	1	1771.57	1771.57	0	1.69383	1147.7	1.83628	1067.68	0	0.1139	2.15699	0.445308	0	-1e+07	555;495;1271;917;1863;778;	57.0681;0;1271;0;850.521;443.507;	0.114291;0.0177369;0.934529;0.0537001;0.130768;0.515398;
./tmp//tQC_NA_NA_2.mzML.dia	P04196	P04196	HRG_HUMAN	HRG	26183.3	26183.3	26183.3	26183.3	26183.3	26183.3	GEVLPLPEANFPSFPLPHHK	GEVLPLPEANFPSFPLPHHK	GEVLPLPEANFPSFPLPHHK4	4	0.00937082	0.0136986	1	9824.11	9824.11	0	3.6917	4080.7	3.78859	3951.2	0	-0.0883998	3.62588	0.89683	3.39636	0.38251	5084;3847;4216;4573;2092;7989;	510.481;3569.16;4216;3820.44;2038.95;2360.32;	0.0737578;0.873989;0.977467;0.802213;0.893786;-0.15519;
./tmp//tQC_NA_NA_2.mzML.dia	P03951	P03951	FA11_HUMAN	F11	28517.2	28517.2	28517.2	28517.2	28517.2	28517.2	GEWPWQVTLHTTSPTQR	GEWPWQVTLHTTSPTQR	GEWPWQVTLHTTSPTQR3	3	0.105485	0.355372	1	28517.2	28517.2	0	3.38685	3168.1	3.24623	3381.78	0	-0.0622867	2.05338	0.447183	2.08005	0.212137	3208;18715;3048;5483;10271;1024;	1278.68;18715;756.594;2021.2;5745.74;121.781;	0.399084;0.984401;0.13617;0.31415;0.458166;0.0587553;
./tmp//tQC_NA_NA_2.mzML.dia	P08697	P08697	A2AP_HUMAN	SERPINF2	14446.4	14446.4	14446.4	14446.4	14446.4	14446.4	GFPIKEDFLEQSEQLFGAK	GFPIKEDFLEQSEQLFGAK	GFPIKEDFLEQSEQLFGAK3	3	0.0940171	0.0136986	1	11083.8	11083.8	0	3.94353	4187	3.92708	4180.62	0	0.612393	3.09337	0.464585	2.35837	0.153632	998;4647;3881;4566;1637;13496;	439.484;2214.27;3881;4207.95;341.118;2065.11;	0.342345;-0.0629384;0.918663;0.609257;0.240756;0.297628;
./tmp//tQC_NA_NA_2.mzML.dia	P09871	P09871	C1S_HUMAN	C1S	21662.4	21662.4	21662.4	21662.4	21662.4	21662.4	GFQVVVTLR	GFQVVVTLR	GFQVVVTLR2	2	0.00220264	0.0136986	1	10999.8	10999.8	0	2.99978	2823.9	3.02807	2793.46	0	0.579261	5.00148	0.956161	2.64368	0.100031	8697;5471;6456;5487;3611;1641;	5459.05;4807.84;3397.57;4551;2750.79;1641;	0.72233;0.92573;0.649975;0.971266;0.853605;0.97648;
./tmp//tQC_NA_NA_2.mzML.dia	P19827	P19827	ITIH1_HUMAN	ITIH1	39447.3	39447.3	39447.3	39447.3	39447.3	39447.3	GFSLDEATNLNGGLLR	GFSLDEATNLNGGLLR	GFSLDEATNLNGGLLR2	2	0.00220264	0.0136986	1	10846.2	10846.2	0	3.53917	3769.2	3.56076	3696.44	0	0.249371	4.59892	0.956035	0	-1e+07	5415;3742;2984;2825;2175;4826;	3327.07;3742;2811.29;2125.07;1964.82;4292.88;	0.643705;0.974415;0.943269;0.902398;0.91624;0.940676;
./tmp//tQC_NA_NA_2.mzML.dia	P35908	P35908	K22E_HUMAN	KRT2	11989.9	11989.9	11989.9	11989.9	11989.9	11989.9	GFSSGSAVVSGGSR	GFSSGSAVVSGGSR	GFSSGSAVVSGGSR2	2	0.3383	0.231481	1	1665.47	1665.47	0	1.65902	1051.2	1.67089	1049.28	0	0.249441	3.16665	0.23712	1.76455	0.12719	1510;842;1143;706;374;984;	0;248.802;1143;210.533;0;63.1348;	-0.0836813;0.0525179;0.932509;0.437016;0.0531751;0.108206;
./tmp//tQC_NA_NA_2.mzML.dia	P04196	P04196	HRG_HUMAN	HRG	26183.3	26183.3	26183.3	26183.3	26183.3	26183.3	GGEGTGYFVDFSVR	GGEGTGYFVDFSVR	GGEGTGYFVDFSVR2	2	0.00220264	0.0136986	1	16949.4	16949.4	0	3.27802	3152.1	3.23951	3202.7	0	0.880643	5.55984	0.956551	0	-1e+07	7801;6955;8023;3920;4621;4667;	7775.18;6900.19;5356.18;3721.59;4621;4553.25;	0.956694;0.938454;0.665639;0.926075;0.967289;0.948328;
./tmp//tQC_NA_NA_2.mzML.dia					3.49289e+06	3.49289e+06					GGGFSSGGFSGGSFSR	GGGFSSGGFSGGSFSR	GGGFSSGGFSGGSFSR2	2	0.208171	1	0	2579.14	2579.14	0	2.31567	1723.3	2.38221	1649.1	0	-0.0605056	3.29021	0.329406	0	-1e+07	959;705;729;1659;976;1239;	362.207;177.635;0;468.753;331.541;1239;	0.552998;0.390523;-0.113491;0.489113;0.395021;0.932759;
./tmp//tQC_NA_NA_2.mzML.dia					3.49289e+06	3.49289e+06					GGSLINSQWVVSAAH	GGSLINSQWVVSAAH	GGSLINSQWVVSAAH2	2	0.0576701	1	0	18772.7	18772.7	0	3.43878	3053.9	3.19674	3488.46	0	0.411228	3.2852	0.577655	2.19509	0.175718	10249;5243;4796;5647;3621;5594;	2647.93;2336.97;3425.58;2423.52;3621;4317.68;	0.18329;0.0973211;0.636733;0.315112;0.858114;0.584247;
./tmp//tQC_NA_NA_2.mzML.dia	P02790	P02790	HEMO_HUMAN	HPX	304223	304223	304223	304223	304223	304223	GGYTLVSGYPK	GGYTLVSGYPK	GGYTLVSGYPK2	2	0.00220264	0.0136986	1	123657	123657	0	2.37255	1699.3	2.36775	1741.92	0	0.948861	5.93304	0.956423	1.92508	0.138224	67850;48382;36992;36609;20339;21352;	67850;43590.2;36845.1;33691.3;18961.9;19172.4;	0.995208;0.987269;0.988656;0.980131;0.988675;0.988609;
./tmp//tQC_NA_NA_2.mzML.dia	P02790	P02790	HEMO_HUMAN	HPX	304223	304223	304223	304223	304223	304223	GGYTLVSGYPKR	GGYTLVSGYPKR	GGYTLVSGYPKR2	2	0.0827068	0.0136986	1	9733.11	9733.11	0	2.11618	1234	1.94136	1420.65	0	0.0429717	2.67551	0.473509	0	-1e+07	2367;1060;655;3312;3523;3439;	2367;514.396;388.05;588.132;2976.49;2899.05;	0.953721;0.516221;0.648182;0.262249;0.868927;0.88147;
./tmp//tQC_NA_NA_2.mzML.dia	P01023	P01023	A2MG_HUMAN	A2M	171027	171027	171027	171027	171027	171027	GHFSISIPVK	GHFSISIPVK	GHFSISIPVK2	2	0.00220264	0.0136986	1	49846.5	49846.5	0	2.66767	2216.1	2.67612	2144.23	0	0.981085	5.20565	0.95632	3.08577	0.123655	28423;13762;12999;10011;12080;7344;	27067.6;13762;8643.37;9016.83;5525.49;3678.78;	0.977366;0.980444;0.818497;0.970649;0.565963;0.686407;
./tmp//tQC_NA_NA_2.mzML.dia	P01023	P01023	A2MG_HUMAN	A2M	171027	171027	171027	171027	171027	171027	GHFSISIPVKSDIAPVAR	GHFSISIPVKSDIAPVAR	GHFSISIPVKSDIAPVAR3	3	0.204102	0.0136986	1	5310.26	5310.26	0	2.97858	2784.6	2.99647	2765.9	0	0.00227915	1.90433	0.330917	2.06144	0.165661	3337;720;457;2010;3721;1495;	605.148;183.345;0;1153.64;1873.13;1495;	0.00028739;0.449154;0.373511;0.38779;0.174171;0.844813;
./tmp//tQC_NA_NA_2.mzML.dia	P0C0L4;P0C0L5	P0C0L4;P0C0L5	CO4A_HUMAN;CO4B_HUMAN	C4A;C4B	101288	101288	101288	101288			GHLFLQTDQPIYNPGQR	GHLFLQTDQPIYNPGQR	GHLFLQTDQPIYNPGQR3	3	0.00220264	0.0136986	0	20138.6	20138.6	0	2.7698	2390.3	2.79532	2344.46	0	0.852605	5.08002	0.956096	0	-1e+07	8306;8495;8268;3676;4690;4722;	8279.14;8495;6954.31;3364.42;4035.85;3556.24;	0.962781;0.972414;0.85973;0.959306;0.912706;0.926015;
./tmp//tQC_NA_NA_2.mzML.dia	P04114	P04114	APOB_HUMAN	APOB	43710.3	43710.3	43710.3	43710.3	43710.3	43710.3	GIISALLVPPETEEAK	GIISALLVPPETEEAK	GIISALLVPPETEEAK2	2	0.00220264	0.0136986	1	32574.3	32574.3	0	3.68715	3988	3.71257	3944.75	0	0.692438	5.49556	0.956391	0	-1e+07	23248;8018;5654;9226;5075;6035;	23248;5620.31;4754.1;7967.96;2914.04;4572.19;	0.987831;0.922742;0.928775;0.870445;0.895324;0.944084;
./tmp//tQC_NA_NA_2.mzML.dia	P07358	P07358	CO8B_HUMAN	C8B	11169.4	11169.4	11169.4	11169.4	11169.4	11169.4	GILNEIKDR	GILNEIKDR	GILNEIKDR2	2	0.039807	0.0136986	1	6330.49	6330.49	0	2.17395	1377.2	2.07314	1463.87	0	0.342337	2.65303	0.665616	2.47948	0.214655	3428;1549;1494;2776;5319;656;	1508.01;1062.33;1029.06;981.266;1093.82;656;	0.508568;0.534229;0.605763;0.451009;-0.179889;0.84745;
./tmp//tQC_NA_NA_2.mzML.dia					3.49289e+06	3.49289e+06					GISPFHEHAEVVFTANDSGPRR	GISPFHEHAEVVFTANDSGPRR	GISPFHEHAEVVFTANDSGPRR4	4	0.168986	1	0	1094.84	1094.84	0	2.68173	2325	2.74459	2163.9	0	0	1.88282	0.363261	2.14621	0.364811	1219;129;2089;6367;1701;1172;	89.1977;129;342;432;102.638;0;	0.0917643;0.769036;0.0505688;-0.0230668;-0.086134;0.120683;
./tmp//tQC_NA_NA_2.mzML.dia					3.49289e+06	3.49289e+06					GIVAEGRDDLYVSDAFHK	GIVAEGRDDLYVSDAFHK	GIVAEGRDDLYVSDAFHK3	3	0.0106242	1	0	8549.66	8549.66	0	2.54825	2081.8	2.6208	1956.55	0	0.425376	2.37424	0.850482	0	-1e+07	904;2694;3271;3962;2399;2423;	904;2150.06;1914.76;783.699;1021.85;1775.3;	0.889714;0.570217;0.602756;-0.0885938;0.165026;0.617712;
./tmp//tQC_NA_NA_2.mzML.dia	P01009	P01009	A1AT_HUMAN	SERPINA1	589664	589664	589664	589664	589664	589664	GKWERPFEVK	GKWERPFEVK	GKWERPFEVK2	2	0.00220264	0.0136986	1	10815.7	10815.7	0	1.93077	1128.9	1.80788	1231.59	0	0.516737	4.26082	0.955555	2.6082	0.141753	5090;3446;2664;13789;1628;2197;	5090;3297.01;2428.73;1208.35;1146.19;1631.01;	0.930937;0.929597;0.920462;-0.0367306;0.858227;0.840662;
./tmp//tQC_NA_NA_2.mzML.dia					3.49289e+06	3.49289e+06					GLAFSDGDQWTLSR	GLAFSDGDQWTLSR	GLAFSDGDQWTLSR2	2	0.297297	1	0	8318.74	8318.74	0	3.0939	3071.7	3.20499	2880.01	0	0.353636	2.38008	0.265011	0	-1e+07	2172;3666;3631;4287;2041;3209;	2172;2181.57;1635.74;2900.55;1685.81;643.622;	0.935178;0.562369;0.245662;0.549263;0.640901;0.00930368;
./tmp//tQC_NA_NA_2.mzML.dia	P08185	P08185	CBG_HUMAN	SERPINA6	14512.3	14512.3	14512.3	14512.3	14512.3	14512.3	GLASANVDFAFSLYK	GLASANVDFAFSLYK	GLASANVDFAFSLYK2	2	0.00625	0.0136986	1	7140.19	7140.19	0	3.77262	4067.3	3.77687	4051.72	0	0.280019	3.59142	0.93456	2.58298	0.457109	4895;2888;3337;2766;3334;1821;	2237.22;1568.98;1381.22;1045.9;3334;565.367;	0.657478;0.747905;0.541372;0.493277;0.892909;0.486217;
./tmp//tQC_NA_NA_2.mzML.dia	P01024	P01024	CO3_HUMAN	C3	153839	153839	153839	153839	153839	153839	GLEVTITAR	GLEVTITAR	GLEVTITAR2	2	0.00364299	0.0136986	1	153839	153839	0	2.29597	1721.4	2.3811	1618.63	0	-0.056055	4.09585	0.952683	2.11549	0.146302	82426;55496;61758;44806;21896;28485;	82426;51034.1;46146.7;40282.7;20378.7;21369.9;	0.916962;0.923944;0.891746;0.911575;0.913689;0.887576;
./tmp//tQC_NA_NA_2.mzML.dia	P02671	P02671	FIBA_HUMAN	FGA	12871.9	12871.9	12871.9	12871.9	12871.9	12871.9	GLIDEVNQDFTNR	GLIDEVNQDFTNR	GLIDEVNQDFTNR2	2	0.039807	0.182692	1	10622.3	10622.3	0	3.01947	2835.5	3.03795	2813.72	0	0.0597315	3.5106	0.665687	2.18483	0.179401	1291;1954;5196;1921;1403;2040;	521.586;1954;5113.81;1342.52;638.418;1051.94;	0.48908;0.93196;0.913641;0.588902;0.275625;0.649483;
./tmp//tQC_NA_NA_2.mzML.dia	P18428	P18428	LBP_HUMAN	LBP	3899.76	3899.76	3899.76	3899.76	3899.76	3899.76	GLQYAAQEGLLALQSELLR	GLQYAAQEGLLALQSELLR	GLQYAAQEGLLALQSELLR3	3	0.0085592	0.045977	1	3899.76	3899.76	0	4.64563	4400.2	4.5536	4413.38	0	-0.0127405	2.95197	0.914907	0	-1e+07	919;1793;2040;1867;802;2236;	844.13;1793;1264.84;1262.63;269.418;1095.8;	0.818912;0.946972;0.719979;0.772809;0.483429;0.295816;
./tmp//tQC_NA_NA_2.mzML.dia	O75144	O75144	ICOSL_HUMAN	ICOSLG	4175.91	4175.91	4175.91	4175.91	4175.91	4175.91	GLYDVVSVLR	GLYDVVSVLR	GLYDVVSVLR2	2	0.595451	0.906667	1	4175.91	4175.91	0	3.55603	3736.6	3.54138	3728.38	0	-0.118809	2.14182	0.151392	0	-1e+07	890;833;1628;1458;474;4114;	890;394.309;415.136;593.253;338.296;1544.92;	0.829733;0.296419;0.0500531;0.353896;0.675273;0.412926;
./tmp//tQC_NA_NA_2.mzML.dia	P08254	P08254	MMP3_HUMAN	MMP3	13766	13766	13766	13766	13766	13766	GNQFWAIR	GNQFWAIR	GNQFWAIR2	2	0.654063	0.166667	1	8599.19	8599.19	0	2.6787	2241.6	2.69048	2159.56	0	0.338189	1.8499	0.138014	1.60315	0.351078	1764;4002;1956;3832;634;396;	323.971;4002;553.059;3684.78;0;35.379;	0.0357669;0.97905;0.303521;0.960433;-0.336173;0.0930368;
./tmp//tQC_NA_NA_2.mzML.dia					3.49289e+06	3.49289e+06					GNVAEGETKPDPDVTER	GNVAEGETKPDPDVTER	GNVAEGETKPDPDVTER3	3	0.732057	1	0	5415.38	5415.38	0	1.32517	936.2	1.43591	893.957	0	-0.0422834	2.68319	0.124504	0	-1e+07	3189;7109;1159;171;754;1680;	3189;353.877;83.5249;0;322.311;1466.66;	0.971227;-0.0875378;0.144772;-0.0174608;0.603693;0.896463;
./tmp//tQC_NA_NA_2.mzML.dia	Q8WZ75	Q8WZ75	ROBO4_HUMAN	ROBO4	5592.63	5592.63	5592.63	5592.63	5592.63	5592.63	GPDSNVLLLR	GPDSNVLLLR	GPDSNVLLLR2	2	0.27256	0.614815	1	5592.63	5592.63	0	2.96365	2311.2	2.73484	2741.57	0	-0.124877	2.48734	0.277781	3.48906	0.167004	1012;2671;710;2245;262;1917;	182.281;2671;47.472;1454.55;0;1237.32;	0.0325315;0.943205;-0.120833;0.798452;-0.15876;0.621169;
./tmp//tQC_NA_NA_2.mzML.dia	Q14624	Q14624	ITIH4_HUMAN	ITIH4	53564.2	53564.2	53564.2	53564.2	53564.2	53564.2	GPDVLTATVSGK	GPDVLTATVSGK	GPDVLTATVSGK2	2	0.00220264	0.0136986	1	28360.4	28360.4	0	2.22457	1620.8	2.309	1516.61	0	0.869809	5.43173	0.956506	1.55019	0.142452	11149;9956;8226;4532;3726;5729;	10587.3;9547.14;8226;3493.19;2431.97;3128.62;	0.945547;0.920833;0.973171;0.887867;0.728613;0.696841;
./tmp//tQC_NA_NA_2.mzML.dia	P00450	P00450	CERU_HUMAN	CP	71879.6	71879.6	71879.6	71879.6	71879.6	71879.6	GPEEEHLGILGPVIWAEVGDTIR	GPEEEHLGILGPVIWAEVGDTIR	GPEEEHLGILGPVIWAEVGDTIR3	3	0.00220264	0.0136986	1	31488.3	31488.3	0	4.4641	4356.7	4.41867	4364.06	0	0.849961	5.58014	0.955954	0	-1e+07	11117;13285;9451;7801;7974;6212;	11117;12851.5;8417.05;6376.35;7519.84;4829.15;	0.983966;0.975737;0.949184;0.887264;0.96107;0.929283;
./tmp//tQC_NA_NA_2.mzML.dia	P0C0L4;P0C0L5	P0C0L4;P0C0L5	CO4A_HUMAN;CO4B_HUMAN	C4A;C4B	101288	101288	101288	101288			GPEVQLVAHSPWLK	GPEVQLVAHSPWLK	GPEVQLVAHSPWLK2	2	0.00364299	0.0136986	0	8246.76	8246.76	0	3.00757	2783	2.99526	2801.97	0	0.869788	5.50072	0.953837	0	-1e+07	7026;2935;3742;2301;3217;2442;	6801.49;2800.25;3742;2168.98;3154.74;2335.78;	0.937651;0.944614;0.98008;0.958503;0.950429;0.970947;
./tmp//tQC_NA_NA_2.mzML.dia	P0C0L4;P0C0L5	P0C0L4;P0C0L5	CO4A_HUMAN;CO4B_HUMAN	C4A;C4B	101288	101288	101288	101288			GPEVQLVAHSPWLK	GPEVQLVAHSPWLK	GPEVQLVAHSPWLK3	3	0.00220264	0.0136986	0	18403.5	18403.5	0	3.00022	2782.7	2.99504	2793.96	0	0.965573	5.65429	0.955494	0	-1e+07	11015;12763;7849;8920;5173;7283;	7157.52;10557.7;7849;5626.1;4140.55;6413.9;	0.832194;0.951525;0.980808;0.882159;0.986102;0.966436;
./tmp//tQC_NA_NA_2.mzML.dia	P0C0L4;P0C0L5	P0C0L4;P0C0L5	CO4A_HUMAN;CO4B_HUMAN	C4A;C4B	101288	101288	101288	101288			GPEVQLVAHSPWLKDSLSR	GPEVQLVAHSPWLKDSLSR	GPEVQLVAHSPWLKDSLSR4	4	0.498763	0.0136986	0	5080.7	5080.7	0	3.08653	2858.1	3.0576	2872.26	0	0	2.20839	0.176327	2.14316	0.12241	221;3819;3192;794;667;707;	0;1300.61;3192;249.592;238.033;100.467;	-0.0169078;0.29545;0.970241;0.426018;0.346609;0.164708;
./tmp//tQC_NA_NA_2.mzML.dia	P05546	P05546	HEP2_HUMAN	SERPIND1	18971.3	18971.3	18971.3	18971.3	18971.3	18971.3	GPLDQLEK	GPLDQLEK	GPLDQLEK2	2	0.00625	0.0136986	1	18971.3	18971.3	0	2.18453	1499.8	2.19096	1473.16	0	0.0226522	2.93122	0.940649	2.27994	0.192173	4439;14399;1971;4620;3235;17339;	2982.82;14399;1589.5;1000.4;886.201;564.223;	0.936785;0.984158;0.955935;0.0771059;0.252465;-0.104747;
./tmp//tQC_NA_NA_2.mzML.dia	P04040	P04040	CATA_HUMAN	CAT	3618.64	3618.64	3618.64	3618.64	3618.64	3618.64	GPLLVQDVVFTDEM(UniMod:35)AHFDRER	GPLLVQDVVFTDEMAHFDRER	GPLLVQDVVFTDEM(UniMod:35)AHFDRER3	3	0.208171	0.166667	1	9153.82	9153.82	0	3.5885	3315.9	3.31903	3787.3	0	-0.0266613	2.66989	0.329488	0	-1e+07	6397;2877;1946;911;1380;2808;	3926.61;2877;1080.56;505.106;764.544;1886.52;	0.284907;0.971261;0.555557;0.387794;0.615723;0.453798;
./tmp//tQC_NA_NA_2.mzML.dia	P04040	P04040	CATA_HUMAN	CAT	3618.64	3618.64	3618.64	3618.64	3618.64	3618.64	GPLLVQDVVFTDEM(UniMod:35)AHFDRER	GPLLVQDVVFTDEMAHFDRER	GPLLVQDVVFTDEM(UniMod:35)AHFDRER4	4	0.0754098	0.166667	1	4327.12	4327.12	0	3.32388	3321.7	3.32262	3274.61	0	0.307704	2.52219	0.496448	0	-1e+07	2641;710;1142;1537;1784;2706;	2641;85.4992;237.956;716.175;646.488;2584.34;	0.951384;0.0857282;0.265626;0.168166;0.313995;0.846587;
./tmp//tQC_NA_NA_2.mzML.dia	P04040	P04040	CATA_HUMAN	CAT	3618.64	3618.64	3618.64	3618.64	3618.64	3618.64	GPLLVQDVVFTDEMAHFDR	GPLLVQDVVFTDEMAHFDR	GPLLVQDVVFTDEMAHFDR3	3	0.599676	0.166667	1	3878.92	3878.92	0	4.0792	4206.3	3.97066	4245.71	0	0.142123	2.29357	0.148505	3.09297	0.194712	1149;3932;1100;795;1854;1302;	650.948;991.637;414.157;795;1027.18;319.452;	0.145045;-0.0257508;0.20738;0.79539;0.412151;0.22927;
./tmp//tQC_NA_NA_2.mzML.dia	P04040	P04040	CATA_HUMAN	CAT	3618.64	3618.64	3618.64	3618.64	3618.64	3618.64	GPLLVQDVVFTDEMAHFDRER	GPLLVQDVVFTDEMAHFDRER	GPLLVQDVVFTDEMAHFDRER4	4	0.0426035	0.166667	1	6046.24	6046.24	0	3.73042	4019.4	3.73709	4003.02	0	0.327516	2.4563	0.623617	2.82365	0.313811	3393;1279;1475;2248;854;6438;	2518.88;1279;996.127;1252.23;0;3604.42;	0.634319;0.950798;0.734761;0.664579;0.35503;-0.157412;
./tmp//tQC_NA_NA_2.mzML.dia	P01857	P01857	IGHG1_HUMAN	IGHG1	2.18089e+06	2.18089e+06	2.18089e+06	2.18089e+06	2.18089e+06	2.18089e+06	GPSVFPLAPSSK	GPSVFPLAPSSK	GPSVFPLAPSSK2	2	0.00625	0.0136986	1	2.18089e+06	2.18089e+06	0	2.7804	2461.9	2.85372	2369.03	0	0.994975	5.97014	0.948582	2.90885	0.310887	998800;570616;612520;252821;97414;185863;	998800;570145;611949;250079;95970.7;183792;	0.99589;0.996633;0.997405;0.993399;0.995066;0.988256;
./tmp//tQC_NA_NA_2.mzML.dia	P09172	P09172	DOPO_HUMAN	DBH	3595	3595	3595	3595	3595	3595	GQIHLDPQQDYQLLQVQR	GQIHLDPQQDYQLLQVQR	GQIHLDPQQDYQLLQVQR3	3	0.00937082	0.0531915	1	3595	3595	0	3.03093	2889.2	3.08485	2823.99	0	0	3.27689	0.893632	2.86283	0.182976	1053;3166;2304;1814;2647;747;	1053;1569.84;1078.17;433.259;972.158;345.233;	0.891313;0.660458;0.201916;0.357052;0.535471;0.391994;
./tmp//tQC_NA_NA_2.mzML.dia	P0C0L4;P0C0L5	P0C0L4;P0C0L5	CO4A_HUMAN;CO4B_HUMAN	C4A;C4B	101288	101288	101288	101288			GQIVFM(UniMod:35)NR	GQIVFMNR	GQIVFM(UniMod:35)NR2	2	0.496284	0.0136986	0	27216.3	27216.3	0	1.91408	1159	1.85225	1216.29	0	-0.0147561	2.5087	0.177034	1.76032	0.579362	3565;2565;4768;29637;2686;1127;	3565;1536.7;3375.28;18396.2;253.695;89.4973;	0.951353;0.617837;0.393973;0.642022;0.0779568;0.187474;
./tmp//tQC_NA_NA_2.mzML.dia	Q9NZP8	Q9NZP8	C1RL_HUMAN	C1RL	1079.75	1079.75	1079.75	1079.75	1079.75	1079.75	GSEAINAPGDNPAK	GSEAINAPGDNPAK	GSEAINAPGDNPAK2	2	0.00762195	0.0365854	1	1079.75	1079.75	0	1.40133	956	1.47732	928.514	0	0.423391	3.16635	0.930172	0	-1e+07	944;864;834;426;396;1029;	944;207.514;30.1154;94.5252;105.637;367.464;	0.947733;0.376281;0.514628;0.311607;0.585273;0.456008;
./tmp//tQC_NA_NA_2.mzML.dia	P0C0L4;P0C0L5	P0C0L4;P0C0L5	CO4A_HUMAN;CO4B_HUMAN	C4A;C4B	101288	101288	101288	101288			GSFEFPVGDAVSK	GSFEFPVGDAVSK	GSFEFPVGDAVSK2	2	0.00220264	0.0136986	0	39735.7	39735.7	0	2.97988	2774.8	2.98921	2767.81	0	0.744911	5.41479	0.95649	1.81187	0.0958205	23639;10612;10384;6338;5389;3222;	23611;8395.99;9786.7;6338;4109.61;2530.59;	0.940961;0.873156;0.944843;0.984157;0.913148;0.890826;
./tmp//tQC_NA_NA_2.mzML.dia	P19827	P19827	ITIH1_HUMAN	ITIH1	39447.3	39447.3	39447.3	39447.3	39447.3	39447.3	GSLVQASEANLQAAQDFVR	GSLVQASEANLQAAQDFVR	GSLVQASEANLQAAQDFVR3	3	0.00625	0.0136986	1	34688.7	34688.7	0	3.5225	3578.4	3.46939	3664.01	0	0.80438	3.07215	0.942517	0	-1e+07	16882;12011;6516;72854;190255;274447;	16215.2;12011;6462.53;13202.5;5729.43;10777.8;	0.929146;0.940043;0.925792;-0.0435712;-0.150498;-0.148238;
./tmp//tQC_NA_NA_2.mzML.dia	P02766	P02766	TTHY_HUMAN	TTR	19222.3	19222.3	19222.3	19222.3	19222.3	19222.3	GSPAINVAVHVFR	GSPAINVAVHVFR	GSPAINVAVHVFR2	2	0.00220264	0.0136986	1	11143	11143	0	2.86932	2548.1	2.89714	2540.45	0	0.954687	5.54265	0.956398	0	-1e+07	7256;4998;3571;3134;5658;2800;	6771.29;4522.11;3571;3049.91;3696.03;2508.93;	0.959913;0.973482;0.960183;0.965388;0.935149;0.934578;
./tmp//tQC_NA_NA_2.mzML.dia	P02766	P02766	TTHY_HUMAN	TTR	19222.3	19222.3	19222.3	19222.3	19222.3	19222.3	GSPAINVAVHVFR	GSPAINVAVHVFR	GSPAINVAVHVFR3	3	0.00220264	0.0136986	1	15525.8	15525.8	0	2.87515	2550.6	2.89806	2551.36	0	-0.0969484	5.64981	0.955687	1.67255	0.134399	7028;8052;4088;5159;5188;3767;	7028;7463.04;3984.58;4513.17;4888.51;3603.23;	0.985332;0.958836;0.960671;0.966254;0.941857;0.926236;
./tmp//tQC_NA_NA_2.mzML.dia					3.49289e+06	3.49289e+06					GSPSGEVSHPR	GSPSGEVSHPR	GSPSGEVSHPR2	2	0.00364299	1	0	18955	18955	0	2.64343	2135.5	2.63784	2111.65	0	0.752578	4.26354	0.953542	2.09713	0.32045	7146;5758;8027;8424;4763;14245;	7146;3487.88;8027;4692.97;3782;1720.89;	0.94659;0.664631;0.965265;0.59384;0.726193;0.203031;
./tmp//tQC_NA_NA_2.mzML.dia	P0C0L5	P0C0L5	CO4B_HUMAN	C4B	11569.3	11569.3	11569.3	11569.3	11569.3	11569.3	GSSTWLTAFVLK	GSSTWLTAFVLK	GSSTWLTAFVLK2	2	0.00220264	0.0136986	1	11569.3	11569.3	0	4.1017	4241.2	4.0614	4256.43	0	0.734821	4.78371	0.955481	0	-1e+07	4974;4680;4095;3020;8037;1679;	4974;4367.76;3101.69;2227.57;1740.94;1166.62;	0.949803;0.958513;0.929138;0.956399;0.103109;0.946947;
./tmp//tQC_NA_NA_2.mzML.dia	P05546	P05546	HEP2_HUMAN	SERPIND1	18971.3	18971.3	18971.3	18971.3	18971.3	18971.3	GSWVNKFPVEMTHNHNFR	GSWVNKFPVEMTHNHNFR	GSWVNKFPVEMTHNHNFR3	3	0.00937082	0.0136986	1	2231.56	2231.56	0	2.64907	2018.6	2.59808	2119.23	0	0.088132	2.74908	0.897998	1.77968	0.226076	1944;874;1616;931;2432;2340;	690.976;874;666.589;264.739;789.067;1003.15;	0.437964;0.890252;0.62866;0.389562;0.428084;0.226807;
./tmp//tQC_NA_NA_2.mzML.dia	P05546	P05546	HEP2_HUMAN	SERPIND1	18971.3	18971.3	18971.3	18971.3	18971.3	18971.3	GSWVNKFPVEMTHNHNFR	GSWVNKFPVEMTHNHNFR	GSWVNKFPVEMTHNHNFR4	4	0.039807	0.0136986	1	38530.4	38530.4	0	2.6681	2020.3	2.59886	2144.82	0	0.380974	2.22729	0.665328	2.29139	0.142526	35882;5859;1389;1963;7943;5195;	35882;546.874;295.45;176.153;920.124;709.822;	0.96401;0.135213;0.415214;0.00379533;-0.132931;0.0804162;
./tmp//tQC_NA_NA_2.mzML.dia	P01009	P01009	A1AT_HUMAN	SERPINA1	589664	589664	589664	589664	589664	589664	GTEAAGAM(UniMod:35)FLEAIPMSIPPEVK	GTEAAGAMFLEAIPMSIPPEVK	GTEAAGAM(UniMod:35)FLEAIPMSIPPEVK3	3	0.00220264	0.0136986	1	278216	278216	0	4.41303	4302.7	4.24648	4352.41	0	0.237943	4.84078	0.954646	2.73099	0.113007	186346;69232;24125;23708;15292;2157;	186346;69046.1;23997;22823.5;11802.5;396.881;	0.99278;0.996198;0.990412;0.993073;0.925758;0.121347;
./tmp//tQC_NA_NA_2.mzML.dia	P01009	P01009	A1AT_HUMAN	SERPINA1	589664	589664	589664	589664	589664	589664	GTEAAGAMFLEAIPM(UniMod:35)SIPPEVK	GTEAAGAMFLEAIPMSIPPEVK	GTEAAGAMFLEAIPM(UniMod:35)SIPPEVK3	3	0.0240202	0.0136986	1	225789	225789	0	4.41303	4282.6	4.1836	4352.41	0	0.269826	3.7698	0.749748	0	-1e+07	186346;3590;4186;23708;8881;6290;	186346;539.389;543.44;23708;8362.1;6290;	0.977105;-0.257316;-0.345832;0.977642;0.9198;0.981023;
./tmp//tQC_NA_NA_2.mzML.dia	P01009	P01009	A1AT_HUMAN	SERPINA1	589664	589664	589664	589664	589664	589664	GTEAAGAMFLEAIPM	GTEAAGAMFLEAIPM	GTEAAGAMFLEAIPM2	2	0.00220264	0.0136986	1	22252	22252	0	4.41303	4449.9	4.70682	4352.41	0	0.00854721	5.69861	0.954552	3.41471	0.417475	6290;7179;8983;6978;9143;12736;	6098.15;7010.81;8870.93;6688.7;9143;11783.7;	0.966118;0.971489;0.940823;0.956015;0.990236;0.938507;
./tmp//tQC_NA_NA_2.mzML.dia	P01009	P01009	A1AT_HUMAN	SERPINA1	589664	589664	589664	589664	589664	589664	GTEAAGAMFLEAIPMSIPPEVK	GTEAAGAMFLEAIPMSIPPEVK	GTEAAGAMFLEAIPMSIPPEVK3	3	0.00220264	0.0136986	1	277384	277384	0	4.41303	4394.7	4.53665	4352.41	0	0.935902	5.83256	0.955569	3.22725	0.252049	186346;69232;24125;23708;15292;8881;	185399;69232;24000.8;22753;11951.7;6185.07;	0.986391;0.994044;0.983411;0.987625;0.920847;0.93561;
./tmp//tQC_NA_NA_2.mzML.dia	Q9UK55	Q9UK55	ZPI_HUMAN	SERPINA10	7649.26	7649.26	7649.26	7649.26	7649.26	7649.26	GTEAVAGILSEITAY	GTEAVAGILSEITAY	GTEAVAGILSEITAY2	2	0.00937082	0.0531915	1	7649.26	7649.26	0	4.62225	4424.8	4.62944	4406.14	0	-0.22354	2.2581	0.867748	0	-1e+07	4053;1224;2156;1298;1638;2630;	4053;737.169;1836.59;237.623;871.312;1759.67;	0.964474;0.368598;0.720595;0.239839;0.525954;0.537681;
./tmp//tQC_NA_NA_2.mzML.dia	Q13228	Q13228	SBP1_HUMAN	SELENBP1	6687.66	6687.66	6687.66	6687.66	6687.66	6687.66	GTWERPGGAAPLGYDFWYQPR	GTWERPGGAAPLGYDFWYQPR	GTWERPGGAAPLGYDFWYQPR3	3	0.0311332	0.125	1	18931	18931	0	3.46473	3702.3	3.52337	3545.07	0	-0.038827	3.35888	0.709287	1.96666	0.148031	4675;2479;3083;4181;3329;4056;	4675;2467.86;2949.38;2998.9;1813.77;4026.1;	0.946353;0.82273;0.825127;0.561724;0.153487;0.904581;
./tmp//tQC_NA_NA_2.mzML.dia	P08185	P08185	CBG_HUMAN	SERPINA6	14512.3	14512.3	14512.3	14512.3	14512.3	14512.3	GTWTQPFDLASTR	GTWTQPFDLASTR	GTWTQPFDLASTR2	2	0.595451	0.0136986	1	11818	11818	0	2.93272	3050.2	3.19497	2674.16	0	0.0410101	2.84041	0.150871	3.65967	0.197428	2321;2835;2821;4565;15213;5193;	460.73;2835;944.71;1895.94;497.243;5184.33;	-0.201358;0.968816;0.331856;0.27014;0.0528973;0.934661;
./tmp//tQC_NA_NA_2.mzML.dia	P01871	P01871	IGHM_HUMAN	IGHM	70959.5	70959.5	70959.5	70959.5	70959.5	70959.5	GVALHRPDVYLLPPAR	GVALHRPDVYLLPPAR	GVALHRPDVYLLPPAR3	3	0.00220264	0.0136986	1	70959.5	70959.5	0	2.7183	2359.3	2.77026	2223.89	0	0.993427	5.67897	0.95632	3.23012	0.82126	46873;15744;13478;13674;12281;11437;	46873;14835;12376.6;11743.3;11709.9;10489.7;	0.991789;0.975913;0.986715;0.93026;0.979666;0.976837;
./tmp//tQC_NA_NA_2.mzML.dia					3.49289e+06	3.49289e+06					GVAQEPVHLDSPAIK	GVAQEPVHLDSPAIK	GVAQEPVHLDSPAIK3	3	0.262326	1	0	1074.76	1074.76	0	2.26027	1668.4	2.34711	1565.87	0	0.744767	3.16449	0.284772	1.94288	0.0978937	844;546;1277;173;1607;772;	447.763;158.711;138.526;173;66.8914;89.8683;	0.779749;0.388587;0.111803;0.949454;-0.156217;0.265595;
./tmp//tQC_NA_NA_2.mzML.dia	P01024	P01024	CO3_HUMAN	C3	153839	153839	153839	153839	153839	153839	GVFVLNKK	GVFVLNKK	GVFVLNKK2	2	0.00220264	0.0136986	1	29379.9	29379.9	0	1.81457	1136.8	1.82008	1139.25	0	0.972705	4.66834	0.955369	2.94744	0.0998465	12286;9265;7253;10379;392833;7715;	12286;8547.59;6780.12;10313.8;3885.64;5343.06;	0.958115;0.935187;0.946305;0.953343;-0.159183;0.927771;
./tmp//tQC_NA_NA_2.mzML.dia					3.49289e+06	3.49289e+06					GVPGQRSPLNDFQVLR	GVPGQRSPLNDFQVLR	GVPGQRSPLNDFQVLR3	3	0.0827068	1	0	8357.54	8357.54	0	3.1257	2900.8	3.0949	2922.37	0	-0.123169	2.91374	0.477565	2.37466	0.547831	2353;1363;2476;10715;3969;2458;	1241.61;957.222;388.606;3312.09;484.881;2458;	0.220848;0.617856;0.0852992;0.600692;0.434347;0.930984;
./tmp//tQC_NA_NA_2.mzML.dia	P01023	P01023	A2MG_HUMAN	A2M	171027	171027	171027	171027	171027	171027	GVPIPNKVIFIR	GVPIPNKVIFIR	GVPIPNKVIFIR3	3	0.00762195	0.0136986	1	1752.46	1752.46	0	3.06013	3012.6	3.17597	2848.25	0	0	3.62167	0.932391	0	-1e+07	1130;642;1557;697;505;2790;	1130;241.91;387.555;356.547;265.912;504.835;	0.919684;0.672957;0.210659;0.785517;0.737341;0.0497254;
./tmp//tQC_NA_NA_2.mzML.dia	P05155	P05155	IC1_HUMAN	SERPING1	83273	83273	83273	83273	83273	83273	GVTSVSQIFHSPDLAIR	GVTSVSQIFHSPDLAIR	GVTSVSQIFHSPDLAIR3	3	0.00220264	0.0136986	1	45412	45412	0	3.36045	3433.6	3.39951	3334.74	0	0.127545	5.83694	0.955408	0	-1e+07	18789;15787;16985;10964;15813;12208;	17961.4;15787;16073.1;9193.74;13395.3;11377.5;	0.970818;0.960273;0.979965;0.967412;0.966014;0.985238;
./tmp//tQC_NA_NA_2.mzML.dia	Q96PD5	Q96PD5	PGRP2_HUMAN	PGLYRP2	19050.9	19050.9	19050.9	19050.9	19050.9	19050.9	GWHWVGAHTLGHNSR	GWHWVGAHTLGHNSR	GWHWVGAHTLGHNSR3	3	0.0503513	0.0136986	1	12421.2	12421.2	0	2.05192	1173.1	1.87095	1366.28	0	0.0971937	3.06332	0.60164	2.89818	0.419718	4319;711;3234;3512;2843;4961;	3937.35;282.149;3234;2046.15;1927.16;994.435;	0.835356;0.495468;0.969886;0.697827;0.68677;-0.0519214;
./tmp//tQC_NA_NA_2.mzML.dia	P05543	P05543	THBG_HUMAN	SERPINA7	7531.26	7531.26	7531.26	7531.26	7531.26	7531.26	GWVDLFVPK	GWVDLFVPK	GWVDLFVPK2	2	0.522486	0.0136986	1	2522.8	2522.8	0	3.86348	4150.7	3.86114	4131.17	0	0.200631	2.07473	0.167952	1.74934	0.107128	922;704;753;261;935;1503;	649.494;0;391.49;0;935;546.814;	0.618598;0.0241818;0.535711;-0.160896;0.870308;0.00635877;
./tmp//tQC_NA_NA_2.mzML.dia					3.49289e+06	3.49289e+06					GYTLVSGYPK	GYTLVSGYPK	GYTLVSGYPK2	2	0.064	1	0	28874.9	28874.9	0	2.2977	1669.5	2.3479	1621.28	0	0.335749	4.02476	0.566284	4.49169	0.426089	3470;5493;11184;8521;5586;3575;	166.334;575.874;11184;8165.41;5495.11;3288.19;	0.213648;0.0539948;0.974711;0.961278;0.888354;0.884734;
./tmp//tQC_NA_NA_2.mzML.dia	P06681	P06681	CO2_HUMAN	C2	9218.82	9218.82	9218.82	9218.82	9218.82	9218.82	HAIILLTDGK	HAIILLTDGK	HAIILLTDGK2	2	0.38132	0.0136986	1	10269.5	10269.5	0	2.2977	1689.9	2.36176	1621.28	0	0.681879	2.14246	0.216187	3.18058	0.140357	2195;927;9016;10598;3151;25079;	155.657;112.5;9016;102.953;572.442;309.98;	0.0295674;0.304645;0.96897;-0.166256;0.283363;0.104456;
./tmp//tQC_NA_NA_2.mzML.dia	P00915	P00915	CAH1_HUMAN	CA1	13772	13772	13772	13772	13772	13772	HDTSLKPISVSYNPATAK	HDTSLKPISVSYNPATAK	HDTSLKPISVSYNPATAK3	3	0.113898	0.357724	1	13772	13772	0	2.18973	1496.8	2.18789	1478	0	-0.0587481	2.7167	0.434382	2.4306	0.101621	1559;2756;4569;9750;8025;1674;	395.291;2756;2360.77;5155.68;2395.71;708.553;	-0.241223;0.970756;0.521221;0.522447;0.0799079;0.337151;
./tmp//tQC_NA_NA_2.mzML.dia	P35908	P35908	K22E_HUMAN	KRT2	11989.9	11989.9	11989.9	11989.9	11989.9	11989.9	HGGGGGGFGGGGFGSR	HGGGGGGFGGGGFGSR	HGGGGGGFGGGGFGSR2	2	0.222758	0.231481	1	1620.9	1620.9	0	1.37623	974.5	1.51595	917.226	0	0.73585	2.60524	0.316427	0	-1e+07	253;1046;2592;702;1037;809;	73.8821;1046;237.58;109.935;0;153.499;	0.477351;0.898319;0.441407;0.209256;0.115155;0.324286;
./tmp//tQC_NA_NA_2.mzML.dia	P05156	P05156	CFAI_HUMAN	CFI	2698.04	2698.04	2698.04	2698.04	2698.04	2698.04	HGNTDSEGIVEVK	HGNTDSEGIVEVK	HGNTDSEGIVEVK2	2	0.00220264	0.0136986	1	2698.04	2698.04	0	1.50085	996.3	1.5611	973.248	0	0.797978	4.60339	0.956	0	-1e+07	1081;1281;648;891;788;623;	881.764;1281;617.63;799.409;530.278;170.418;	0.874476;0.938661;0.93255;0.908948;0.839765;0.518918;
./tmp//tQC_NA_NA_2.mzML.dia					3.49289e+06	3.49289e+06					HGPGLIYR	HGPGLIYR	HGPGLIYR2	2	0.00625	1	0	64308.4	64308.4	0	1.65425	1120	1.7937	1046.82	0	0.969229	4.44877	0.949088	0	-1e+07	18633;18801;2132;1961;27238;2929;	18616.4;18454;1693.41;1319.19;27238;2117.66;	0.985986;0.982145;0.966409;0.859004;0.985715;0.943285;
./tmp//tQC_NA_NA_2.mzML.dia	P35527	P35527	K1C9_HUMAN	KRT9	15170.6	15170.6	15170.6	15170.6	15170.6	15170.6	HGVQELEIELQSQLSKK	HGVQELEIELQSQLSKK	HGVQELEIELQSQLSKK3	3	0.0709534	0.166667	1	5168.84	5168.84	0	2.86845	2864.5	3.06321	2538.85	0	0.0581119	2.4661	0.524321	2.0375	0.312714	2387;2255;2086;1146;1961;1001;	2387;714.774;1225.16;0;408.084;433.813;	0.909706;0.151218;0.537122;-0.30365;0.309415;0.503685;
./tmp//tQC_NA_NA_2.mzML.dia	P19823	P19823	ITIH2_HUMAN	ITIH2	72324.5	72324.5	72324.5	72324.5	72324.5	72324.5	HLEVDVWVIEPQGLR	HLEVDVWVIEPQGLR	HLEVDVWVIEPQGLR3	3	0.00220264	0.0136986	1	32913.1	32913.1	0	3.619	3910.9	3.65638	3839.51	0	-0.0459987	5.5244	0.95428	2.44035	0.392627	15523;8989;9069;8490;8056;5026;	15523;8666.56;8723.56;7110.52;6945.27;4052.92;	0.981702;0.971624;0.989518;0.963038;0.97085;0.960763;
./tmp//tQC_NA_NA_2.mzML.dia	P02774	P02774	VTDB_HUMAN	GC	53475.6	53475.6	53475.6	53475.6	53475.6	53475.6	HLSLLTTLSNR	HLSLLTTLSNR	HLSLLTTLSNR2	2	0.00220264	0.0136986	1	53475.6	53475.6	0	2.7566	2375.8	2.78338	2311.53	0	0.985631	5.75204	0.955706	1.67021	0.112078	44169;40996;8815;16263;9323;5897;	44169;40365.9;8321.42;10196.9;6334.17;4788.38;	0.959829;0.959933;0.966116;0.954383;0.947206;0.971886;
./tmp//tQC_NA_NA_2.mzML.dia					3.49289e+06	3.49289e+06					HLTIPYFR	HLTIPYFR	HLTIPYFR2	2	0.301616	1	0	14330.5	14330.5	0	2.6549	2448.1	2.84399	2127.03	0	0.567516	2.35116	0.259512	2.13041	0.159879	4530;4437;86621;3321;3741;4009;	4530;1308.18;1886.15;3029.09;549.093;3027.96;	0.964283;-0.174583;0.331753;0.725654;0.227198;0.609146;
./tmp//tQC_NA_NA_2.mzML.dia	P0C0L4;P0C0L5	P0C0L4;P0C0L5	CO4A_HUMAN;CO4B_HUMAN	C4A;C4B	101288	101288	101288	101288			HLVPGAPFLLQ	HLVPGAPFLLQ	HLVPGAPFLLQ2	2	0.281279	0.0136986	0	4196.99	4196.99	0	3.38468	3889.9	3.6418	3377.77	0	0.006117	2.06742	0.272901	2.65002	0.265577	2540;1338;4413;1389;2981;1163;	1356.38;1338;1251.24;251.367;0;204.703;	0.342191;0.831266;0.00614212;0.028513;0.187857;0.199196;
./tmp//tQC_NA_NA_2.mzML.dia	P0C0L4;P0C0L5	P0C0L4;P0C0L5	CO4A_HUMAN;CO4B_HUMAN	C4A;C4B	101288	101288	101288	101288			HLVPGAPFLLQALVR	HLVPGAPFLLQALVR	HLVPGAPFLLQALVR2	2	0.00364299	0.0136986	0	43809.1	43809.1	0	4.21702	4310.4	4.27092	4301.31	0	0.980492	5.37069	0.952144	2.01123	0.0969585	31331;44558;21704;7537;5433;1957;	31331;40421.8;21704;7217.74;5260.39;283.187;	0.986825;0.964899;0.995446;0.976169;0.980357;0.534469;
./tmp//tQC_NA_NA_2.mzML.dia	P0C0L4;P0C0L5	P0C0L4;P0C0L5	CO4A_HUMAN;CO4B_HUMAN	C4A;C4B	101288	101288	101288	101288			HLVPGAPFLLQALVR	HLVPGAPFLLQALVR	HLVPGAPFLLQALVR3	3	0.00220264	0.0136986	0	101288	101288	0	4.22155	4329.9	4.33324	4302.77	0	0.865665	5.96713	0.956054	0	-1e+07	58281;44122;52301;30108;18620;27253;	58221.4;44122;52301;29991.3;18592.9;27174.4;	0.991341;0.994862;0.994482;0.997584;0.991964;0.996443;
./tmp//tQC_NA_NA_2.mzML.dia	P02768	P02768	ALBU_HUMAN	ALB	6.02018e+06	6.02018e+06	6.52224e+06	6.52224e+06	6.52224e+06	6.52224e+06	HPDYSVVLLLR	HPDYSVVLLLR	HPDYSVVLLLR2	2	0.00220264	0.0136986	1	206088	206088	0	3.28777	3273.5	3.29496	3217.96	0	0.987091	5.84612	0.955778	3.35199	0.186038	118945;91455;68387;55193;32842;46488;	118843;91455;68295.6;54335.4;32443.2;46337.1;	0.969412;0.975067;0.978508;0.962088;0.974174;0.974254;
./tmp//tQC_NA_NA_2.mzML.dia					3.49289e+06	3.49289e+06					HPNSPLDEENLTQENQDR	HPNSPLDEENLTQENQDR	HPNSPLDEENLTQENQDR3	3	0.00220264	1	0	14053.5	14053.5	0	1.98225	1235.2	1.94262	1284.06	0	0.789525	5.30888	0.956089	0	-1e+07	7895;5672;4329;2707;3570;2506;	7874.42;5488.22;4039.63;2609.07;3570;2312.26;	0.979853;0.962994;0.941959;0.970983;0.99439;0.957521;
./tmp//tQC_NA_NA_2.mzML.dia	P02768	P02768	ALBU_HUMAN	ALB	6.02018e+06	6.02018e+06	6.52224e+06	6.52224e+06	6.52224e+06	6.52224e+06	HPYFYAPELLF	HPYFYAPELLF	HPYFYAPELLF2	2	0.00220264	0.0136986	1	12985.2	12985.2	0	4.33732	4336.3	4.35372	4334.77	0	0.115714	4.99633	0.954459	0	-1e+07	6040;5364;5955;2973;2264;3030;	6040;4681.25;4563.42;2329.46;2264;1965.47;	0.955303;0.833333;0.74178;0.787388;0.831283;0.714292;
./tmp//tQC_NA_NA_2.mzML.dia	P02768	P02768	ALBU_HUMAN	ALB	6.02018e+06	6.02018e+06	6.52224e+06	6.52224e+06	6.52224e+06	6.52224e+06	HPYFYAPELLFF	HPYFYAPELLFF	HPYFYAPELLFF2	2	0.00220264	0.0136986	1	20753.6	20753.6	0	4.90677	4490.8	4.8329	4494.29	0	0.364442	5.05496	0.955774	0	-1e+07	7447;6320;6449;9284;3709;2584;	7191.19;5969.96;5499.68;9284;3424.7;1880.29;	0.964909;0.978483;0.973888;0.968489;0.956157;0.939667;
./tmp//tQC_NA_NA_2.mzML.dia	P02768	P02768	ALBU_HUMAN	ALB	6.02018e+06	6.02018e+06	6.52224e+06	6.52224e+06	6.52224e+06	6.52224e+06	HPYFYAPELLFFAK	HPYFYAPELLFFAK	HPYFYAPELLFFAK3	3	0.0085592	0.0136986	1	1.23658e+06	1.23658e+06	0	4.27218	4377.8	4.48455	4317.87	0	0.973177	5.90546	0.923724	1.94613	0.130422	423191;543959;464476;377477;436030;550224;	423187;543957;464476;377359;436030;550036;	0.987086;0.978214;0.979416;0.984771;0.985492;0.979214;
./tmp//tQC_NA_NA_2.mzML.dia	P04217	P04217	A1BG_HUMAN	A1BG	57438.7	57438.7	57438.7	57438.7	57438.7	57438.7	HQFLLTGDTQGR	HQFLLTGDTQGR	HQFLLTGDTQGR2	2	0.00220264	0.0136986	1	17319.4	17319.4	0	2.05538	1402.3	2.09556	1369.89	0	0.980403	5.81052	0.95635	2.76717	0.13095	7257;9014;5086;6226;4832;2318;	7257;7785.09;3757.04;4528.32;3766.35;2277.33;	0.978189;0.983529;0.957389;0.962171;0.961508;0.984586;
./tmp//tQC_NA_NA_2.mzML.dia	P04217	P04217	A1BG_HUMAN	A1BG	57438.7	57438.7	57438.7	57438.7	57438.7	57438.7	HQFLLTGDTQGR	HQFLLTGDTQGR	HQFLLTGDTQGR3	3	0.00220264	0.0136986	1	36870.3	36870.3	0	2.04888	1336.6	2.03764	1363.03	0	-0.13583	4.94275	0.954401	2.28093	0.468023	18143;21997;11693;12528;17768;7315;	18143;14058.2;10000.2;11699.4;11474.8;7027.97;	0.954192;0.771436;0.934826;0.961788;0.807391;0.93974;
./tmp//tQC_NA_NA_2.mzML.dia	P01024	P01024	CO3_HUMAN	C3	153839	153839	153839	153839	153839	153839	HQQTVTIPPK	HQQTVTIPPK	HQQTVTIPPK2	2	0.00220264	0.0136986	1	34318.7	34318.7	0	1.25032	989.3	1.54666	858.61	0	0.986841	5.47686	0.955867	3.00605	0.141899	24567;7622;6550;5095;6927;4744;	24567;5193.31;5839.34;3912.38;3974.31;3162.73;	0.996977;0.875159;0.982609;0.921882;0.733316;0.862578;
./tmp//tQC_NA_NA_2.mzML.dia	P00450	P00450	CERU_HUMAN	CP	71879.6	71879.6	71879.6	71879.6	71879.6	71879.6	HRGVYSSDVFDIFPGTYQTLEMFPR	HRGVYSSDVFDIFPGTYQTLEMFPR	HRGVYSSDVFDIFPGTYQTLEMFPR4	4	0.126294	0.0136986	1	2799.07	2799.07	0	4.35095	4328.4	4.32844	4338.05	0	0.489652	2.74406	0.413474	3.53311	0.209814	2609;2574;2714;457;2265;749;	901.547;634.168;683.368;457;450.535;122.987;	0.178305;0.0890887;0.311586;0.859756;0.0721042;0.077981;
./tmp//tQC_NA_NA_2.mzML.dia	P05155	P05155	IC1_HUMAN	SERPING1	83273	83273	83273	83273	83273	83273	HRLEDMEQALSPSVFK	HRLEDMEQALSPSVFK	HRLEDMEQALSPSVFK3	3	0.00220264	0.0136986	1	10969.7	10969.7	0	2.95392	2654.1	2.93054	2723.02	0	0.328463	2.98924	0.954712	0	-1e+07	4187;4581;4887;2953;3212;3652;	4187;3991.47;3215.17;2791.25;2640.82;3207.21;	0.958929;0.754601;0.359303;0.718215;0.675031;0.717526;
./tmp//tQC_NA_NA_2.mzML.dia	P00747	P00747	PLMN_HUMAN	PLG	47486.4	47486.4	47486.4	47486.4	47486.4	47486.4	HSIFTPETNPR	HSIFTPETNPR	HSIFTPETNPR2	2	0.00220264	0.0136986	1	10818.6	10818.6	0	1.84487	1145.9	1.83365	1160.41	0	0.879731	4.56835	0.954579	2.24264	0.164144	3784;3595;2781;5580;4884;3187;	3079.73;3030.24;2781;5007.39;3489.1;2124.93;	0.929945;0.954623;0.985253;0.952055;0.869037;0.801164;
./tmp//tQC_NA_NA_2.mzML.dia	P02787	P02787	TRFE_HUMAN	TF	590578	590578	590578	590578	590578	590578	HSTIFENLANK	HSTIFENLANK	HSTIFENLANK2	2	0.00220264	0.0136986	1	82890.3	82890.3	0	2.2884	1513.9	2.20538	1607.18	0	0.977932	5.58424	0.956187	2.03456	0.343834	23521;39600;22903;23188;22819;23270;	23521;38840.1;21885.6;19467.7;15732.4;20529.2;	0.932474;0.933442;0.92419;0.927147;0.884887;0.958143;
./tmp//tQC_NA_NA_2.mzML.dia	Q96PD5	Q96PD5	PGRP2_HUMAN	PGLYRP2	19050.9	19050.9	19050.9	19050.9	19050.9	19050.9	HTASAWLMSAPNSGPHNR	HTASAWLMSAPNSGPHNR	HTASAWLMSAPNSGPHNR3	3	0.00937082	0.0136986	1	10843.9	10843.9	0	2.17742	1373	2.06944	1466.83	0	0.153638	3.23729	0.879023	1.95624	0.194588	5512;8593;10012;3820;3141;2277;	5512;3060.72;4295.58;1223.7;1036.31;648.248;	0.934091;0.359352;0.511926;0.388921;0.495377;0.0472435;
./tmp//tQC_NA_NA_2.mzML.dia	P02765	P02765	FETUA_HUMAN	AHSG	90260.7	90260.7	90260.7	90260.7	90260.7	90260.7	HTFM(UniMod:35)GVVSLGSPSGEVSHPR	HTFMGVVSLGSPSGEVSHPR	HTFM(UniMod:35)GVVSLGSPSGEVSHPR3	3	0.00625	0.0136986	1	32075.4	32075.4	0	2.63543	1887.6	2.48909	2100.73	0	-0.0642146	4.83338	0.946639	2.69928	0.124456	24463;14428;10537;11941;7203;9801;	24460.6;14420.7;10474.9;11799.5;1050.38;9801;	0.962521;0.968282;0.981583;0.984442;-0.00856087;0.975032;
./tmp//tQC_NA_NA_2.mzML.dia	P02765	P02765	FETUA_HUMAN	AHSG	90260.7	90260.7	90260.7	90260.7	90260.7	90260.7	HTFM(UniMod:35)GVVSLGSPSGEVSHPR	HTFMGVVSLGSPSGEVSHPR	HTFM(UniMod:35)GVVSLGSPSGEVSHPR4	4	0.00625	0.0136986	1	90260.7	90260.7	0	2.64257	1811.2	2.43283	2110.48	0	0.580092	4.01952	0.94049	0	-1e+07	48247;18627;8252;2229;23498;19407;	48247;18515.7;217.997;560.092;23498;19407;	0.979805;0.978973;-0.213412;0.19484;0.977968;0.975357;
./tmp//tQC_NA_NA_2.mzML.dia	P02765	P02765	FETUA_HUMAN	AHSG	90260.7	90260.7	90260.7	90260.7	90260.7	90260.7	HTFMGVVSLGSPSGEVSHPR	HTFMGVVSLGSPSGEVSHPR	HTFMGVVSLGSPSGEVSHPR3	3	0.00220264	0.0136986	1	36790.9	36790.9	0	2.63543	2207.4	2.67143	2100.73	0	0.957599	5.78444	0.95615	2.98931	0.176049	24463;14428;10537;16018;11941;10009;	24463;14389.5;10460.4;15745.8;11941;9300.75;	0.956786;0.96483;0.974563;0.95594;0.98581;0.951791;
./tmp//tQC_NA_NA_2.mzML.dia	P02765	P02765	FETUA_HUMAN	AHSG	90260.7	90260.7	90260.7	90260.7	90260.7	90260.7	HTFMGVVSLGSPSGEVSHPR	HTFMGVVSLGSPSGEVSHPR	HTFMGVVSLGSPSGEVSHPR4	4	0.00220264	0.0136986	1	89566.9	89566.9	0	2.64257	2160.9	2.64821	2110.48	0	0.948841	5.84598	0.955947	0	-1e+07	48247;44939;27769;18627;23498;16135;	48247;44722.1;27346.9;18438.3;22881.6;15434.5;	0.978945;0.95644;0.960321;0.978554;0.978661;0.972353;
./tmp//tQC_NA_NA_2.mzML.dia	P02765	P02765	FETUA_HUMAN	AHSG	90260.7	90260.7	90260.7	90260.7	90260.7	90260.7	HTLNQIDEVK	HTLNQIDEVK	HTLNQIDEVK2	2	0.00220264	0.0136986	1	10677.6	10677.6	0	1.55948	1024.7	1.61881	1000.33	0	0.968963	5.69751	0.954358	2.64752	0.211618	4944;4254;3883;2503;1166;1925;	4944;4106.12;3570.96;2037.78;866.049;1627.5;	0.971631;0.96977;0.965865;0.954638;0.925002;0.971435;
./tmp//tQC_NA_NA_2.mzML.dia	P07357	P07357	CO8A_HUMAN	C8A	7278.27	7278.27	7278.27	7278.27	7278.27	7278.27	HTSLGPLEAK	HTSLGPLEAK	HTSLGPLEAK2	2	0.0085592	0.0365854	1	2689.52	2689.52	0	1.69297	1090.6	1.74383	1067.21	0	0.191098	2.42443	0.916353	1.69385	0.309466	1786;1211;3216;1223;2547;4757;	897.02;1211;1549.4;581.498;752.066;1277.35;	0.354914;0.929555;0.222002;0.436332;0.00855973;0.056847;
./tmp//tQC_NA_NA_2.mzML.dia	P02751	P02751	FINC_HUMAN	FN1	21839.1	21839.1	21839.1	21839.1	21839.1	21839.1	HTSVQTTSSGSGPFTDVR	HTSVQTTSSGSGPFTDVR	HTSVQTTSSGSGPFTDVR3	3	0.00364299	0.0136986	1	6527.08	6527.08	0	1.89333	1154.1	1.84543	1198.31	0	0.192916	4.06748	0.952995	3.77367	0.593272	2624;4233;3341;2601;429;2254;	1768.97;2589.15;1934.82;2601;77.0685;2157.1;	0.75292;0.6381;0.622191;0.970417;0.200292;0.85735;
./tmp//tQC_NA_NA_2.mzML.dia					3.49289e+06	3.49289e+06					HVDPENFR	HVDPENFR	HVDPENFR2	2	0.254682	1	0	14673.5	14673.5	0	2.06252	1307.8	2.0122	1377	0	0.0539489	3.08098	0.289743	2.43972	0.192729	24084;3389;3035;1015;2178;3958;	5980.43;3389;1911.61;631.946;2013.08;747.413;	0.045063;0.974426;0.770559;0.661545;0.868744;-0.175736;
./tmp//tQC_NA_NA_2.mzML.dia	P25311	P25311	ZA2G_HUMAN	AZGP1	16882.9	16882.9	16882.9	16882.9	16882.9	16882.9	HVEDVPAFQALGSLNDLQFFR	HVEDVPAFQALGSLNDLQFFR	HVEDVPAFQALGSLNDLQFFR3	3	0.00625	0.025	1	16882.9	16882.9	0	4.47557	4362.7	4.43758	4366.73	0	0.536783	4.8646	0.948489	2.9356	0.296866	4009;6112;7363;3771;1620;9623;	3979.13;5996.07;7363;3523.81;1191.2;3375.27;	0.804023;0.857777;0.96854;0.903659;0.687908;0.467808;
./tmp//tQC_NA_NA_2.mzML.dia	P06396	P06396	GELS_HUMAN	GSN	21257.3	21257.3	21257.3	21257.3	21257.3	21257.3	HVVPNEVVVQR	HVVPNEVVVQR	HVVPNEVVVQR2	2	0.00220264	0.0136986	1	13466.1	13466.1	0	1.69643	1096.4	1.75401	1069.08	0	0.489859	4.90699	0.95526	2.26447	0.086448	6285;3623;3713;1753;528;471;	6190.28;3562.79;3713;738.705;88.9198;396.028;	0.951231;0.946694;0.954693;0.760842;0.495506;0.935594;
./tmp//tQC_NA_NA_2.mzML.dia	P01023	P01023	A2MG_HUMAN	A2M	171027	171027	171027	171027	171027	171027	HYDGSYSTFGER	HYDGSYSTFGER	HYDGSYSTFGER2	2	0.00220264	0.0136986	1	21953	21953	0	1.71093	1047.9	1.66452	1077.02	0	0.95514	5.1404	0.95565	2.13911	0.104349	10351;6846;21768;5603;4462;2391;	10263.6;6846;11294.1;4843.35;1825.45;1175.4;	0.952292;0.941486;0.637023;0.939867;0.525386;0.743701;
./tmp//tQC_NA_NA_2.mzML.dia	P01023	P01023	A2MG_HUMAN	A2M	171027	171027	171027	171027	171027	171027	HYDGSYSTFGER	HYDGSYSTFGER	HYDGSYSTFGER3	3	0.00220264	0.0136986	1	26243.5	26243.5	0	1.71633	1041.9	1.65285	1080.01	0	0	5.47322	0.956168	1.99829	0.194025	12324;11436;15614;8494;10141;6813;	12324;10418.9;9075.69;6135.28;8132.71;5786.76;	0.953732;0.942472;0.70243;0.84142;0.942819;0.943017;
./tmp//tQC_NA_NA_2.mzML.dia	P02751	P02751	FINC_HUMAN	FN1	21839.1	21839.1	21839.1	21839.1	21839.1	21839.1	HYQINQQWER	HYQINQQWER	HYQINQQWER2	2	0.00364299	0.0136986	1	4004.75	4004.75	0	1.87083	1101.4	1.76266	1180.04	0	-0.120757	3.78915	0.950121	0	-1e+07	1271;2766;1117;1678;1319;1362;	1271;1837.97;895.785;1124.88;457.169;248.585;	0.967438;0.859078;0.894392;0.838749;0.709399;0.323766;
./tmp//tQC_NA_NA_2.mzML.dia	P08185	P08185	CBG_HUMAN	SERPINA6	14512.3	14512.3	14512.3	14512.3	14512.3	14512.3	HYYESEVLAMNFQDWATASR	HYYESEVLAMNFQDWATASR	HYYESEVLAMNFQDWATASR3	3	0.00625	0.0136986	1	6572.52	6572.52	0	3.76072	3942.4	3.67876	4038.85	0	0.559375	3.3918	0.946296	1.99332	0.117405	2961;6317;3140;2621;2618;1963;	2834.34;3218.52;1937.86;1775.19;1643.03;1963;	0.911948;0.284389;0.483203;0.689525;0.529853;0.959809;
./tmp//tQC_NA_NA_2.mzML.dia	P00450	P00450	CERU_HUMAN	CP	71879.6	71879.6	71879.6	71879.6	71879.6	71879.6	HYYIGIIETTWDYASDHGEK	HYYIGIIETTWDYASDHGEK	HYYIGIIETTWDYASDHGEK3	3	0.00220264	0.0136986	1	15142.3	15142.3	0	3.56297	3657.7	3.50262	3741.24	0	0.709038	4.88547	0.955731	0	-1e+07	7271;4254;3323;16917;3782;6017;	7226.11;4134.19;3221.9;4312.47;3782;4280.61;	0.970753;0.961771;0.945864;0.210458;0.971284;0.869181;
./tmp//tQC_NA_NA_2.mzML.dia	P00450	P00450	CERU_HUMAN	CP	71879.6	71879.6	71879.6	71879.6	71879.6	71879.6	HYYIGIIETTWDYASDHGEKK	HYYIGIIETTWDYASDHGEKK	HYYIGIIETTWDYASDHGEKK3	3	0.00937082	0.0136986	1	10096.4	10096.4	0	3.36652	3254.6	3.28528	3345.22	0	0.649175	2.61868	0.865371	2.37157	0.383693	13822;8281;14669;3838;2846;11935;	6247.03;3859.05;5012.1;3391.36;2846;4489.8;	0.055348;0.205351;0.0177502;0.77749;0.903708;0.128274;
./tmp//tQC_NA_NA_2.mzML.dia	P00450	P00450	CERU_HUMAN	CP	71879.6	71879.6	71879.6	71879.6	71879.6	71879.6	HYYIGIIETTWDYASDHGEKK	HYYIGIIETTWDYASDHGEKK	HYYIGIIETTWDYASDHGEKK4	4	0.0311332	0.0136986	1	16922.2	16922.2	0	3.36088	3263.1	3.28956	3335.48	0	0.235015	2.99938	0.708034	0	-1e+07	7258;7225;2961;1705;3882;3228;	4709.66;4165.11;1685.48;1168.56;3882;1311.41;	0.643405;0.470042;0.67865;0.683005;0.94251;0.147736;
./tmp//tQC_NA_NA_2.mzML.dia	P80108	P80108	PHLD_HUMAN	GPLD1	5881.52	5881.52	5881.52	5881.52	5881.52	5881.52	IADVTSGLIGGEDGR	IADVTSGLIGGEDGR	IADVTSGLIGGEDGR2	2	0.00625	0.025	1	5881.52	5881.52	0	2.58697	2184.4	2.65957	2022.96	0	0.70785	4.28471	0.944033	2.26957	0.270579	2221;2203;2028;3380;3188;1573;	1745.63;1232.14;1605.76;1677.14;2702.76;1573;	0.749945;0.674435;0.793583;0.63947;0.842983;0.952646;
./tmp//tQC_NA_NA_2.mzML.dia	P04745;P04746;P19961	P04745;P04746;P19961	AMY1_HUMAN;AMY2B_HUMAN;AMYP_HUMAN	AMY1A;AMY2A;AMY2B	4529.66	4529.66	4529.66	4529.66			IAEYMNHLIDIGVAGFR	IAEYMNHLIDIGVAGFR	IAEYMNHLIDIGVAGFR3	3	0.47364	1	0	11423.9	11423.9	0	3.78062	4140.6	3.84706	4060.01	0	-0.0756524	3.02628	0.186139	0	-1e+07	1525;5438;8874;3027;3966;2891;	791.914;1643.15;2884.55;1117.22;3966;1021.02;	0.164497;0.425175;0.459465;0.160395;0.949915;0.340512;
./tmp//tQC_NA_NA_2.mzML.dia	P29622	P29622	KAIN_HUMAN	SERPINA4	18052.3	18052.3	18052.3	18052.3	18052.3	18052.3	IAPANADFAFR	IAPANADFAFR	IAPANADFAFR2	2	0.488797	0.0136986	1	16880.3	16880.3	0	2.75573	2253.4	2.69746	2309.26	0	-0.150428	2.82583	0.179699	1.87816	0.159383	6017;5157;4336;11637;4356;3543;	1128.22;5157;600.635;8501.53;1131.06;361.86;	0.0702656;0.953298;0.146188;0.690133;0.275175;-0.117926;
./tmp//tQC_NA_NA_2.mzML.dia	P01023	P01023	A2MG_HUMAN	A2M	171027	171027	171027	171027	171027	171027	IAQWQSFQLEGGLK	IAQWQSFQLEGGLK	IAQWQSFQLEGGLK2	2	0.00220264	0.0136986	1	32791.9	32791.9	0	3.32908	3301.4	3.31039	3282.92	0	0.937264	5.68095	0.956636	1.68981	0.116259	20017;10365;10752;21632;7764;12348;	18998.2;9964.85;10479;21144.9;7205.52;12348;	0.930627;0.95415;0.961775;0.948983;0.926514;0.95895;
./tmp//tQC_NA_NA_2.mzML.dia	P01019	P01019	ANGT_HUMAN	AGT	21230	21230	21230	21230	21230	21230	IDRFMQAVTGWK	IDRFMQAVTGWK	IDRFMQAVTGWK3	3	0.0706278	0.0136986	1	30021.4	30021.4	0	3.13457	2589	2.91094	2937.54	0	0.0179675	4.64436	0.543775	4.51513	0.138218	10246;6480;5331;1608;3492;4739;	10093.4;6480;4674.22;640.361;3492;4641.5;	0.942145;0.945117;0.854216;0.446743;0.971548;0.935478;
./tmp//tQC_NA_NA_2.mzML.dia	P08603	P08603	CFAH_HUMAN	CFH	18703.8	18703.8	18703.8	18703.8	18703.8	18703.8	IDVHLVPDR	IDVHLVPDR	IDVHLVPDR2	2	0.00220264	0.0136986	1	12315.4	12315.4	0	2.2356	1626.3	2.31375	1531.39	0	0.599827	5.26784	0.956536	2.26113	0.161957	9745;3663;4514;3982;4302;3475;	5458.08;3663;4514;3250.83;4138.41;2830.93;	0.604867;0.981611;0.96936;0.951355;0.96962;0.926167;
./tmp//tQC_NA_NA_2.mzML.dia	P01008	P01008	ANT3_HUMAN	SERPINC1	262560	262560	262560	262560	262560	262560	IEDGFSLK	IEDGFSLK	IEDGFSLK2	2	0.0748075	0.0136986	1	12056.8	12056.8	0	2.33253	1632.4	2.31893	1675.9	0	0.578829	1.80286	0.503247	2.14416	0.137694	4147;10456;6714;3062;5625;8287;	4147;3891.8;1843.03;904.976;883.368;386.594;	0.973452;0.283877;-0.0284261;0.333284;0.454121;-0.124341;
./tmp//tQC_NA_NA_2.mzML.dia					3.49289e+06	3.49289e+06					IEDGSGEVVLSR	IEDGSGEVVLSR	IEDGSGEVVLSR2	2	0.00220264	1	0	5756.53	5756.53	0	1.95498	1298.3	2.00364	1255.24	0	0.759146	4.64893	0.956083	2.3838	0.131116	6734;2405;4521;2620;1038;983;	5568.6;2180.22;2596.41;2620;956.312;864.864;	0.830602;0.891465;0.780471;0.955739;0.880284;0.868659;
./tmp//tQC_NA_NA_2.mzML.dia	P07225	P07225	PROS_HUMAN	PROS1	20861.7	20861.7	20861.7	20861.7	20861.7	20861.7	IETISHEDLQR	IETISHEDLQR	IETISHEDLQR2	2	0.331283	0.0136986	1	3119.95	3119.95	0	1.79597	1027.7	1.6248	1127.08	0	0.0986499	1.92186	0.240783	0	-1e+07	3553;487;1168;17878;921;4438;	953.264;48.2779;1168;345.939;0;604.465;	0.261807;0.0956037;0.951905;-0.0537585;-0.0247825;0.130875;
./tmp//tQC_NA_NA_2.mzML.dia	P15311;P26038;P35241	P15311;P26038;P35241	EZRI_HUMAN;MOES_HUMAN;RADI_HUMAN	EZR;MSN;RDX	7971.96	7971.96	7971.96	7971.96			IGFPWSEIR	IGFPWSEIR	IGFPWSEIR2	2	0.232536	1	0	7971.96	7971.96	0	3.59303	3655.4	3.50161	3795.25	0	0.367083	2.84748	0.311199	1.75685	0.308916	2853;2502;2173;2078;2294;742;	2853;2162.77;822.052;1066.42;1067.71;0;	0.953509;0.767836;0.45114;0.155422;0.0262051;0.219889;
./tmp//tQC_NA_NA_2.mzML.dia	P01024	P01024	CO3_HUMAN	C3	153839	153839	153839	153839	153839	153839	IHWESASLLR	IHWESASLLR	IHWESASLLR2	2	0.00220264	0.0136986	1	49153.2	49153.2	0	2.69407	2098.4	2.62577	2182.36	0	0.888991	5.5853	0.95611	1.23035	0.101031	29224;33398;12806;8145;10106;4361;	29224;25003.3;12736;7193.15;8174.88;3683.45;	0.946858;0.882221;0.94867;0.942526;0.926755;0.919419;
./tmp//tQC_NA_NA_2.mzML.dia	P08779	P08779	K1C16_HUMAN	KRT16	124890	124890	124890	124890	124890	124890	IIAATIENAQPILQIDNAR	IIAATIENAQPILQIDNAR	IIAATIENAQPILQIDNAR3	3	0.391973	0.760563	1	124890	124890	0	3.64627	3732.5	3.53911	3883.54	0	0.55451	4.33639	0.213773	3.21972	0.218423	2569;105785;5902;1935;8505;2216;	1668.49;105785;5817.36;985.785;8417.68;2216;	0.767074;0.901355;0.882146;0.642887;0.85763;0.915497;
./tmp//tQC_NA_NA_2.mzML.dia	P12111	P12111	CO6A3_HUMAN	COL6A3	6324.39	6324.39	6324.39	6324.39	6324.39	6324.39	IIDELNVKPEGTR	IIDELNVKPEGTR	IIDELNVKPEGTR3	3	0.00937082	0.0531915	1	6324.39	6324.39	0	2.16073	1471.7	2.16239	1453.15	0	-0.0621716	1.85616	0.882196	1.80736	0.135114	2635;2951;10546;4777;890;2307;	1995.85;2951;1013.29;0;0;1377.54;	0.815724;0.958438;0.00050792;-0.249083;-0.417892;0.785288;
./tmp//tQC_NA_NA_2.mzML.dia	Q15063	Q15063	POSTN_HUMAN	POSTN	11440.9	11440.9	11440.9	11440.9	11440.9	11440.9	IIHGNQIATNGVVHVIDR	IIHGNQIATNGVVHVIDR	IIHGNQIATNGVVHVIDR3	3	0.408163	0.777778	1	11440.9	11440.9	0	2.2025	1814.3	2.43476	1490.8	0	0	2.35739	0.207822	2.18982	0.235291	4381;11335;550;4931;2956;428;	4381;7059.91;0;1402.45;553.152;0;	0.979715;0.673132;-0.145633;0.292834;0.157286;-0.324582;
./tmp//tQC_NA_NA_2.mzML.dia	Q15063	Q15063	POSTN_HUMAN	POSTN	11440.9	11440.9	11440.9	11440.9	11440.9	11440.9	IIHGNQIATNGVVHVIDR	IIHGNQIATNGVVHVIDR	IIHGNQIATNGVVHVIDR4	4	0.474604	0.777778	1	163803	163803	0	2.66637	1886.8	2.48838	2142.46	0	-0.0623034	2.83671	0.185019	0	-1e+07	1910;6296;157972;12713;995;2820;	511.943;2498.97;157972;8135.73;346.18;2820;	-0.137447;0.0761643;0.914347;0.736273;0.575845;0.97793;
./tmp//tQC_NA_NA_2.mzML.dia	P0DMV8;P0DMV9;P17066	P0DMV8;P0DMV9;P17066	HS71A_HUMAN;HS71B_HUMAN;HSP76_HUMAN	HSPA1A;HSPA1B;HSPA6	11500.9	11500.9	11500.9	11500.9			IINEPTAAAIAYGLDR	IINEPTAAAIAYGLDR	IINEPTAAAIAYGLDR3	3	0.332748	1	0	11500.9	11500.9	0	3.1244	3277.7	3.29719	2920.29	0	0.0937325	3.2369	0.239659	2.83043	0.1193	2353;6883;4474;6322;388357;6528;	736.031;6883;2191.5;6099.59;222781;1690.33;	0.264238;0.940177;0.314354;0.888321;0.756168;0.744391;
./tmp//tQC_NA_NA_2.mzML.dia	P00761	P00761	TRYP_PIG		53336.8	53336.8					IITHPNFNGNTLDNDIM(UniMod:35)LIK	IITHPNFNGNTLDNDIMLIK	IITHPNFNGNTLDNDIM(UniMod:35)LIK3	3	0.19902	1	1	7138.62	7138.62	0	3.25422	3444.4	3.40588	3164.88	0	-0.135641	2.86173	0.334964	0	-1e+07	6563;2945;2652;2432;1292;5468;	792.98;1687.73;1086.83;2432;204.868;3571.08;	0.0648429;0.657825;0.302234;0.891999;0.370239;0.707632;
./tmp//tQC_NA_NA_2.mzML.dia	P00761	P00761	TRYP_PIG		53336.8	53336.8					IITHPNFNGNTLDNDIMLIK	IITHPNFNGNTLDNDIMLIK	IITHPNFNGNTLDNDIMLIK3	3	0.00220264	1	1	21228.4	21228.4	0	3.57443	3724.2	3.53462	3762.18	0	0.277498	5.36987	0.956423	3.55675	0.345052	20500;6918;6989;7522;6644;7908;	20018.2;6680.81;6989;7293.12;3952.56;7558.58;	0.876993;0.947397;0.958752;0.928486;0.779817;0.937533;
./tmp//tQC_NA_NA_2.mzML.dia	P35527	P35527	K1C9_HUMAN	KRT9	15170.6	15170.6	15170.6	15170.6	15170.6	15170.6	IKFEM(UniMod:35)EQNLR	IKFEMEQNLR	IKFEM(UniMod:35)EQNLR2	2	0.171627	0.166667	1	21247.7	21247.7	0	1.86953	1100.6	1.76128	1179.03	0	-0.0845164	2.35274	0.359917	0	-1e+07	5524;1386;10214;3313;15561;4601;	3079.73;358.899;3573.87;1432.34;8201.83;4601;	0.644618;0.382223;0.270003;0.320051;0.324553;0.974975;
./tmp//tQC_NA_NA_2.mzML.dia	Q15582	Q15582	BGH3_HUMAN	TGFBI	4596.78	4596.78	4596.78	4596.78	4596.78	4596.78	ILGDPEALR	ILGDPEALR	ILGDPEALR2	2	0.0748075	0.0136986	1	8301.82	8301.82	0	2.46905	1667.6	2.34653	1881.03	0	0.409982	2.04991	0.507094	0	-1e+07	3416;3433;3160;7590;1369;26663;	3416;770.753;1023.37;1289.96;563.704;1238.04;	0.953852;0.05811;-0.263836;0.433993;0.430776;0.396783;
./tmp//tQC_NA_NA_2.mzML.dia	Q15582	Q15582	BGH3_HUMAN	TGFBI	4596.78	4596.78	4596.78	4596.78	4596.78	4596.78	ILGDPEALRDLLNNHILK	ILGDPEALRDLLNNHILK	ILGDPEALRDLLNNHILK3	3	0.253759	0.0136986	1	640877	640877	0	3.6216	4172.7	3.89842	3843.81	0	0.964598	5.48621	0.291774	5.2639	0.190828	101297;6806;5588;169574;3988;395061;	101297;4564.06;4063.05;145964;2704.5;382284;	0.993794;0.90744;0.88571;0.949808;0.951771;0.980052;
./tmp//tQC_NA_NA_2.mzML.dia	P04114	P04114	APOB_HUMAN	APOB	43710.3	43710.3	43710.3	43710.3	43710.3	43710.3	ILGEELGFASLHDLQLLGK	ILGEELGFASLHDLQLLGK	ILGEELGFASLHDLQLLGK3	3	0.00220264	0.0136986	1	12236.3	12236.3	0	4.23822	4280.4	4.17682	4307.97	0	0.973157	5.55592	0.955828	2.41934	0.132523	7411;2976;3617;4950;10841;3400;	7411;2165.86;2948.04;3505;3373.13;2659.47;	0.965674;0.960515;0.943394;0.91318;0.647102;0.957664;
./tmp//tQC_NA_NA_2.mzML.dia	P51884	P51884	LUM_HUMAN	LUM	26322.9	26322.9	26322.9	26322.9	26322.9	26322.9	ILGPLSYSK	ILGPLSYSK	ILGPLSYSK2	2	0.00625	0.0136986	1	7226.41	7226.41	0	2.50605	1911.3	2.51174	1912.26	0	-0.209461	3.35441	0.947276	0	-1e+07	29753;6044;7376;4491;1313;547900;	8274.56;3791.47;2153.58;2121.94;1313;1365.83;	0.248771;0.744813;0.3558;0.527542;0.985494;0.0681569;
./tmp//tQC_NA_NA_2.mzML.dia	P01024	P01024	CO3_HUMAN	C3	153839	153839	153839	153839	153839	153839	ILLQGTPVAQMTEDAVDAER	ILLQGTPVAQMTEDAVDAER	ILLQGTPVAQMTEDAVDAER3	3	0.00220264	0.0136986	1	102805	102805	0	3.72157	3809.8	3.58768	3991.68	0	0.987866	5.90938	0.955345	2.90217	0.218604	43654;39950;31845;19366;27560;32427;	43654;39876;31845;19104.9;26767.9;32382.7;	0.988807;0.971579;0.984828;0.984359;0.984904;0.987513;
./tmp//tQC_NA_NA_2.mzML.dia	P01024	P01024	CO3_HUMAN	C3	153839	153839	153839	153839	153839	153839	ILLQGTPVAQMTEDAVDAERLK	ILLQGTPVAQMTEDAVDAERLK	ILLQGTPVAQMTEDAVDAERLK3	3	0.129132	0.0136986	1	5201.43	5201.43	0	3.76028	3990	3.7141	4038.36	0	0.218674	1.87599	0.410114	2.3848	0.249309	1351;914;2090;1572;2759;	1351;406.75;862.194;912.494;1669;	0.93404;0.32745;0.315443;0.26207;0.360906;
./tmp//tQC_NA_NA_2.mzML.dia					3.49289e+06	3.49289e+06					ILTVPGHLDEM(UniMod:35)QLDIQAR	ILTVPGHLDEMQLDIQAR	ILTVPGHLDEM(UniMod:35)QLDIQAR3	3	0.710064	1	0	6456.53	6456.53	0	3.06663	2850.7	3.05112	2853.77	0	0.0514893	2.93486	0.128718	4.16602	0.250286	762;1105;2218;3504;1279;1655;	148.789;426.684;1267.04;3504;808.358;301.654;	0.277601;0.357484;0.564941;0.93165;0.632351;0.130807;
./tmp//tQC_NA_NA_2.mzML.dia	Q9Y5Y7	Q9Y5Y7	LYVE1_HUMAN	LYVE1	4820.84	4820.84	4820.84	4820.84	4820.84	4820.84	IMGITLVSK	IMGITLVSK	IMGITLVSK2	2	0.064	0.234234	1	4820.84	4820.84	0	2.92492	2642	2.92682	2655.23	0	-0.156914	1.94782	0.567719	2.31092	0.159581	2344;1994;1323;969;5654;1940;	2344;782.996;472.081;211.605;895.255;114.898;	0.91662;0.427776;0.421603;0.32754;0.253734;-0.0569282;
./tmp//tQC_NA_NA_2.mzML.dia	P55290	P55290	CAD13_HUMAN	CDH13	1008.35	1008.35	1008.35	1008.35	1008.35	1008.35	INENTGSVSVTR	INENTGSVSVTR	INENTGSVSVTR2	2	0.468461	0.794521	1	1008.35	1008.35	0	1.52378	975.3	1.51761	983.732	0	0.0941044	1.73164	0.190373	1.34807	0.116305	844;320;720;445;799;448;	0;51.7063;77.652;79.9948;799;0;	-0.0663373;0.365473;0.00498151;0.126884;0.928021;0.129495;
./tmp//tQC_NA_NA_2.mzML.dia					3.49289e+06	3.49289e+06					INSQWVVSAAH	INSQWVVSAAH	INSQWVVSAAH2	2	0.0730089	1	0	11235.8	11235.8	0	2.6324	1807.4	2.4305	2096.52	0	0.239961	3.49253	0.51665	4.19347	0.453733	10857;2991;2128;3661;1316;4950;	1650.17;2991;1693.61;1807.38;731.745;2361.92;	0.55299;0.891523;0.743417;0.620123;0.472695;0.59955;
./tmp//tQC_NA_NA_2.mzML.dia					3.49289e+06	3.49289e+06					INTHPSQKPLSITVR	INTHPSQKPLSITVR	INTHPSQKPLSITVR3	3	0.621774	1	0	684249	684249	0	2.2488	1438	2.12901	1549.63	0	-0.0978538	3.43958	0.142733	1.98385	0.0924689	13580;5059;1038;864163;2944;726;	13580;1975.57;176.549;665512;2944;60.9622;	0.875279;0.505606;0.0437794;0.816925;0.941477;-0.0858537;
./tmp//tQC_NA_NA_2.mzML.dia					3.49289e+06	3.49289e+06					INVAVHVFR	INVAVHVFR	INVAVHVFR2	2	0.552932	1	0	15652.7	15652.7	0	2.64257	2553.1	2.89898	2110.48	0	-0.125007	3.12992	0.160211	0	-1e+07	4337;5999;1435;2524;1071;7085;	251.228;5999;231.23;1969.5;116.761;7085;	-0.197361;0.967763;-0.0473476;0.905746;0.0186836;0.966502;
./tmp//tQC_NA_NA_2.mzML.dia	P07358	P07358	CO8B_HUMAN	C8B	11169.4	11169.4	11169.4	11169.4	11169.4	11169.4	IPGIFELGISSQSDR	IPGIFELGISSQSDR	IPGIFELGISSQSDR2	2	0.114703	0.0136986	1	28201.1	28201.1	0	3.62507	3893.4	3.64421	3849.52	0	0.0733348	2.88477	0.431496	1.99588	0.420898	7309;16057;2876;2737;17399;3060;	5992.72;16057;729.81;1175.61;3325.32;920.644;	0.924946;0.983852;0.0121133;0.657692;0.155134;0.557248;
./tmp//tQC_NA_NA_2.mzML.dia	P01024	P01024	CO3_HUMAN	C3	153839	153839	153839	153839	153839	153839	IPIEDGSGEVVLSR	IPIEDGSGEVVLSR	IPIEDGSGEVVLSR2	2	0.00220264	0.0136986	1	56629.3	56629.3	0	2.5874	2279.3	2.71354	2023.8	0	0.976593	5.90945	0.956452	2.76147	0.148958	33653;38460;19819;16804;14521;6693;	33653;38356.1;19599;16450.5;14425.4;6525.87;	0.983529;0.980497;0.982618;0.987459;0.983301;0.986995;
./tmp//tQC_NA_NA_2.mzML.dia	P01024	P01024	CO3_HUMAN	C3	153839	153839	153839	153839	153839	153839	IPIEDGSGEVVLSR	IPIEDGSGEVVLSR	IPIEDGSGEVVLSR3	3	0.00220264	0.0136986	1	33983.8	33983.8	0	2.59237	2214.5	2.67525	2033.14	0	0.208521	5.51149	0.956471	1.86754	0.108244	29220;22960;9937;10522;12984;3552;	21607.5;20517.7;9914.01;6898.46;8274.02;3552;	0.8917;0.959121;0.964939;0.818549;0.876745;0.983026;
./tmp//tQC_NA_NA_2.mzML.dia	P01024	P01024	CO3_HUMAN	C3	153839	153839	153839	153839	153839	153839	IPIEDGSGEVVLSRK	IPIEDGSGEVVLSRK	IPIEDGSGEVVLSRK2	2	0.345819	0.0136986	1	2416.67	2416.67	0	2.47772	1683.9	2.35782	1888.58	0	0.010461	2.68148	0.233058	1.96576	0.093217	1331;1176;1380;1000;688;318;	470.931;1176;769.738;0;0;0;	0.181235;0.856188;0.480167;0.152861;0.239234;0.177947;
./tmp//tQC_NA_NA_2.mzML.dia					3.49289e+06	3.49289e+06					IPIVTSPYQIHFTK	IPIVTSPYQIHFTK	IPIVTSPYQIHFTK3	3	0.383562	1	0	1841.53	1841.53	0	3.2843	3304.2	3.31202	3212.54	0	0.193055	1.41046	0.215796	0	-1e+07	5853;726;176;911;2421;648;	832.065;58.9158;20.6132;75.3852;206.552;648;	0.0252395;0.0608887;0.116529;0.0252933;0.0722019;0.800125;
./tmp//tQC_NA_NA_2.mzML.dia	Q15582	Q15582	BGH3_HUMAN	TGFBI	4596.78	4596.78	4596.78	4596.78	4596.78	4596.78	IPSETLNR	IPSETLNR	IPSETLNR2	2	0.168168	0.0136986	1	5056.76	5056.76	0	1.49393	990.9	1.54997	970.107	0	0.0688863	2.10891	0.366171	2.53474	0.457649	2184;2106;2752;1660;1420;582;	1435.97;388.209;2752;258.32;77.7798;144.481;	0.760377;-0.121532;0.983428;0.233933;-0.231851;0.296485;
./tmp//tQC_NA_NA_2.mzML.dia	P19823	P19823	ITIH2_HUMAN	ITIH2	72324.5	72324.5	72324.5	72324.5	72324.5	72324.5	IQPSGGTNINEALLR	IQPSGGTNINEALLR	IQPSGGTNINEALLR2	2	0.00220264	0.0136986	1	28997.2	28997.2	0	2.60103	2199.7	2.66738	2048.5	0	0.959437	5.86395	0.956254	1.9367	0.115243	21831;23315;5322;5520;6163;2835;	21831;22774.7;4608.17;4730.85;5327.44;2435.3;	0.979015;0.972479;0.955896;0.990031;0.974429;0.990124;
./tmp//tQC_NA_NA_2.mzML.dia	P01024	P01024	CO3_HUMAN	C3	153839	153839	153839	153839	153839	153839	IRYYTYLIMNK	IRYYTYLIMNK	IRYYTYLIMNK2	2	0.0754098	0.0136986	1	11254	11254	0	3.03137	2468.3	2.85792	2824.36	0	-0.0910645	2.97139	0.49991	2.78251	0.156595	2864;5599;2598;3316;4254;3144;	1946.8;475.563;255.592;2978.72;4254;1343.34;	0.729242;-0.114192;0.0927746;0.88958;0.950708;0.330597;
./tmp//tQC_NA_NA_2.mzML.dia	P01024	P01024	CO3_HUMAN	C3	153839	153839	153839	153839	153839	153839	IRYYTYLIMNK	IRYYTYLIMNK	IRYYTYLIMNK3	3	0.0167526	0.0136986	1	14363.8	14363.8	0	2.93768	2468.6	2.85812	2686.62	0	0.0167732	2.72966	0.796808	1.80819	0.443704	5962;2663;4025;3355;5980;2494;	4658.2;2663;1906.28;2081.12;1726.09;1329.09;	0.785637;0.922237;0.443032;0.421615;-0.0376392;0.170366;
./tmp//tQC_NA_NA_2.mzML.dia	P02748	P02748	CO9_HUMAN	C9	16717.4	16717.4	16717.4	16717.4	16717.4	16717.4	ISEGLPALEFPNE	ISEGLPALEFPNE	ISEGLPALEFPNE2	2	0.00220264	0.0136986	1	11525.3	11525.3	0	3.73345	4133.9	3.83886	4006.81	0	0.683977	3.87142	0.954956	3.18549	0.120875	6001;13668;3447;2818;3604;4176;	5960.14;6688.21;3447;1563.88;2118.16;3125.64;	0.891603;0.567313;0.95735;0.303137;0.738387;0.683552;
./tmp//tQC_NA_NA_2.mzML.dia	P51884	P51884	LUM_HUMAN	LUM	26322.9	26322.9	26322.9	26322.9	26322.9	26322.9	ISNIPDEYFK	ISNIPDEYFK	ISNIPDEYFK2	2	0.00220264	0.0136986	1	20026.9	20026.9	0	2.71917	2232.3	2.68513	2225.54	0	0.135324	4.67781	0.956298	1.85527	0.176608	10410;6758;2939;4837;6452;5097;	10410;6758;2858.88;4342.2;2982.8;2486.03;	0.907661;0.971719;0.952039;0.900598;0.371891;0.427808;
./tmp//tQC_NA_NA_2.mzML.dia	P51884	P51884	LUM_HUMAN	LUM	26322.9	26322.9	26322.9	26322.9	26322.9	26322.9	ISNIPDEYFKR	ISNIPDEYFKR	ISNIPDEYFKR2	2	0.522486	0.0136986	1	10590.2	10590.2	0	2.64777	1731.2	2.38679	2117.49	0	-0.0112396	3.4789	0.16834	2.55424	0.12777	4067;10232;3357;2233;2440;1519;	2535.77;3543.98;726.15;1112.22;2440;232.097;	0.922008;0.602945;0.535331;0.802027;0.962959;0.104624;
./tmp//tQC_NA_NA_2.mzML.dia	P13645	P13645	K1C10_HUMAN	KRT10	10175.9	10175.9	10175.9	10175.9	10175.9	10175.9	ISSSKGSLGGGFSSGGFSGGSFSR	ISSSKGSLGGGFSSGGFSGGSFSR	ISSSKGSLGGGFSSGGFSGGSFSR3	3	0.0709534	0.241379	1	10175.9	10175.9	0	2.51342	1985.5	2.57993	1918.76	0	-0.0875281	3.21849	0.528927	0	-1e+07	2431;1245;6889;972;1732;898;	2431;679.545;5381;362.573;1203.19;118.648;	0.938836;0.648264;0.758217;0.336666;0.747005;0.191166;
./tmp//tQC_NA_NA_2.mzML.dia	Q14624	Q14624	ITIH4_HUMAN	ITIH4	53564.2	53564.2	53564.2	53564.2	53564.2	53564.2	ITFELVYEELLKR	ITFELVYEELLKR	ITFELVYEELLKR3	3	0.00625	0.0136986	1	5415.25	5415.25	0	4.17265	4258.1	4.10976	4285.93	0	-0.175065	5.18133	0.949684	2.15298	0.126176	2969;1326;1417;888;761;1046;	2969;1197.15;1249.1;756.753;677.862;946.783;	0.964422;0.913514;0.910419;0.896638;0.889677;0.906738;
./tmp//tQC_NA_NA_2.mzML.dia	P01031	P01031	CO5_HUMAN	C5	12429.9	12429.9	12429.9	12429.9	12429.9	12429.9	ITHYNYLILSK	ITHYNYLILSK	ITHYNYLILSK2	2	0.00625	0.0136986	1	2995.77	2995.77	0	2.62267	2020.9	2.59913	2082.61	0	0.215996	3.11352	0.948688	0	-1e+07	1061;1294;2113;1398;1903;1947;	765.092;1294;936.677;779.133;1085.3;679.289;	0.657841;0.935938;0.58928;0.247696;0.417228;0.10993;
./tmp//tQC_NA_NA_2.mzML.dia	P01031	P01031	CO5_HUMAN	C5	12429.9	12429.9	12429.9	12429.9	12429.9	12429.9	ITHYNYLILSK	ITHYNYLILSK	ITHYNYLILSK3	3	0.00220264	0.0136986	1	8306.67	8306.67	0	2.61617	2021	2.59917	2072.89	0	-0.0116334	4.36412	0.955052	1.79063	0.162985	5084;3694;3665;5332;1163;3391;	4504.9;2306.2;2638.77;3403.57;1163;773.648;	0.90543;0.824288;0.913123;0.869625;0.947592;0.185009;
./tmp//tQC_NA_NA_2.mzML.dia	P01011	P01011	AACT_HUMAN	SERPINA3	138152	138152	138152	138152	138152	138152	ITLLSALVETR	ITLLSALVETR	ITLLSALVETR2	2	0.00220264	0.0136986	1	138152	138152	0	3.82908	4060.2	3.77077	4104.64	0	0.854654	5.58106	0.956288	3.02069	0.565873	80332;37324;23650;73666;23204;25768;	80263.7;37324;23564.4;44328;20564.3;16068.4;	0.956583;0.953104;0.95025;0.80068;0.975061;0.84371;
./tmp//tQC_NA_NA_2.mzML.dia	P0C0L4;P0C0L5	P0C0L4;P0C0L5	CO4A_HUMAN;CO4B_HUMAN	C4A;C4B	101288	101288	101288	101288			ITPGKPYILTVPGHLDEM(UniMod:35)QLDIQAR	ITPGKPYILTVPGHLDEMQLDIQAR	ITPGKPYILTVPGHLDEM(UniMod:35)QLDIQAR4	4	0.304387	0.0136986	0	36314.8	36314.8	0	3.5238	3294	3.30615	3666.57	0	-0.115641	3.24861	0.256411	0	-1e+07	1092;10289;273;17175;9444;	162.187;9861.32;0;17175;9116.28;	0.226413;0.964622;0.0279387;0.965269;0.960189;
./tmp//tQC_NA_NA_2.mzML.dia	P0C0L4;P0C0L5	P0C0L4;P0C0L5	CO4A_HUMAN;CO4B_HUMAN	C4A;C4B	101288	101288	101288	101288			ITPGKPYILTVPGHLDEMQLDIQAR	ITPGKPYILTVPGHLDEMQLDIQAR	ITPGKPYILTVPGHLDEMQLDIQAR4	4	0.00625	0.0136986	0	32738	32738	0	3.52337	3803.1	3.5832	3665.71	0	0.933027	4.78428	0.944729	2.34169	0.224875	15603;13177;12452;16435;3567;	15603;12862.4;10157.2;16435;3440.59;	0.940701;0.963221;0.927994;0.964014;0.964755;
./tmp//tQC_NA_NA_2.mzML.dia	P01009	P01009	A1AT_HUMAN	SERPINA1	589664	589664	589664	589664	589664	589664	ITPNLAEFAF	ITPNLAEFAF	ITPNLAEFAF2	2	0.00364299	0.0136986	1	20020.2	20020.2	0	4.24665	4351.8	4.40315	4310.52	0	0.0144448	5.7001	0.95315	2.878	0.120232	10823;4795;4718;4576;5418;4123;	10779.6;4499.23;4718;4522.62;5307.34;3307.12;	0.979876;0.959705;0.984919;0.966469;0.96641;0.929627;
./tmp//tQC_NA_NA_2.mzML.dia	P01009	P01009	A1AT_HUMAN	SERPINA1	589664	589664	589664	589664	589664	589664	ITPNLAEFAFSLYR	ITPNLAEFAFSLYR	ITPNLAEFAFSLYR2	2	0.00220264	0.0136986	1	167746	167746	0	4.46367	4362.6	4.43727	4363.96	0	0.989652	5.90987	0.956398	0	-1e+07	129391;84416;48480;72159;39188;45803;	115985;84407.2;43919.2;72159;37536.3;45803;	0.967356;0.991986;0.980151;0.983227;0.983384;0.98931;
./tmp//tQC_NA_NA_2.mzML.dia	P01009	P01009	A1AT_HUMAN	SERPINA1	589664	589664	589664	589664	589664	589664	ITPNLAEFAFSLYR	ITPNLAEFAFSLYR	ITPNLAEFAFSLYR3	3	0.00364299	0.0136986	1	136568	136568	0	4.4682	4362.8	4.4379	4365.02	0	0	5.91466	0.953689	2.66218	0.1033	63909;61011;27703;14534;10237;16114;	63909;58914.9;27093.6;13744.5;8913.56;15658.6;	0.988852;0.984536;0.983096;0.988902;0.978341;0.978344;
./tmp//tQC_NA_NA_2.mzML.dia	O75339	O75339	CILP1_HUMAN	CILP	130513	130513	130513	130513	130513	130513	IVGPLEVNVR	IVGPLEVNVR	IVGPLEVNVR2	2	0.281279	0.627737	1	130513	130513	0	2.48268	2371.6	2.77999	1892.76	0	0.885341	5.00978	0.272929	5.50066	0.195957	112414;3286;1283;4769;5320;9183;	112414;1523.65;846.595;3538.51;4370.18;7819.75;	0.996009;0.604649;0.874009;0.947663;0.958281;0.958869;
./tmp//tQC_NA_NA_2.mzML.dia	P08254	P08254	MMP3_HUMAN	MMP3	13766	13766	13766	13766	13766	13766	IVNYTPDLPKDAVDSAVEK	IVNYTPDLPKDAVDSAVEK	IVNYTPDLPKDAVDSAVEK3	3	0.240266	0.166667	1	10412.8	10412.8	0	3.12873	2471.2	2.85976	2927.37	0	0.29765	3.68806	0.306282	1.96176	0.183118	2861;2605;1163;2774;1055;3059;	2626.1;2605;667.965;2500.36;551.399;1462.01;	0.817667;0.919441;0.649206;0.856055;0.668171;0.59125;
./tmp//tQC_NA_NA_2.mzML.dia	P08603	P08603	CFAH_HUMAN	CFH	18703.8	18703.8	18703.8	18703.8	18703.8	18703.8	IVSSAMEPDREYHFGQAVR	IVSSAMEPDREYHFGQAVR	IVSSAMEPDREYHFGQAVR3	3	0.00220264	0.0136986	1	8659.14	8659.14	0	2.30333	1579.3	2.2708	1629.92	0	0.354197	5.5798	0.956575	1.81962	0.161025	5999;1483;1496;1227;1285;960;	5999;1268.2;1391.94;1126.85;1111.7;776.157;	0.978738;0.956739;0.946232;0.919334;0.910885;0.933258;
./tmp//tQC_NA_NA_2.mzML.dia	P08603	P08603	CFAH_HUMAN	CFH	18703.8	18703.8	18703.8	18703.8	18703.8	18703.8	IVSSAMEPDREYHFGQAVR	IVSSAMEPDREYHFGQAVR	IVSSAMEPDREYHFGQAVR4	4	0.00220264	0.0136986	1	15947.4	15947.4	0	2.2977	1569.8	2.26159	1621.28	0	0.311224	5.17166	0.955214	1.89594	0.121897	7896;4547;4899;4453;8853;7935;	7896;4421.03;3930.37;3630.4;5117.61;5567.42;	0.97073;0.97539;0.961633;0.980164;0.745764;0.919098;
./tmp//tQC_NA_NA_2.mzML.dia	P19827	P19827	ITIH1_HUMAN	ITIH1	39447.3	39447.3	39447.3	39447.3	39447.3	39447.3	IYEDHDATQQLQGFYSQVAK	IYEDHDATQQLQGFYSQVAK	IYEDHDATQQLQGFYSQVAK3	3	0.00220264	0.0136986	1	10029.5	10029.5	0	3.0569	2828.1	3.03163	2845.56	0	0.329498	4.18624	0.95648	0	-1e+07	4287;3046;2888;23361;2876;2890;	4230.9;2910.62;2888;2871.99;2573.36;1930.85;	0.912616;0.890591;0.9694;-0.0228796;0.864879;0.752219;
./tmp//tQC_NA_NA_2.mzML.dia	P19823	P19823	ITIH2_HUMAN	ITIH2	72324.5	72324.5	72324.5	72324.5	72324.5	72324.5	IYGNQDTSSQLK	IYGNQDTSSQLK	IYGNQDTSSQLK2	2	0.00625	0.0136986	1	2514.66	2514.66	0	1.48808	962.9	1.49174	967.457	0	0.303561	4.03509	0.936724	2.12328	0.119968	1426;933;5534;428;2898;819;	1197;889.656;2064.63;428;768.822;343.638;	0.948326;0.956401;0.722308;0.962441;0.338551;0.700722;
./tmp//tQC_NA_NA_2.mzML.dia	P04004	P04004	VTNC_HUMAN	VTN	89536.9	89536.9	89536.9	89536.9	89536.9	89536.9	IYISGM(UniMod:35)APRPSLAK	IYISGMAPRPSLAK	IYISGM(UniMod:35)APRPSLAK2	2	0.267161	0.0136986	1	907.203	907.203	0	2.11922	1473.2	2.1639	1422.83	0	0.066784	1.8887	0.283095	2.46936	0.260838	515;2016;1044;1057;310;267;	515;607.649;121.719;135.837;90.0316;44.6152;	0.898434;0.563445;-0.0293897;0.111265;0.536025;0.313013;
./tmp//tQC_NA_NA_2.mzML.dia	P04004	P04004	VTNC_HUMAN	VTN	89536.9	89536.9	89536.9	89536.9	89536.9	89536.9	IYISGMAPR	IYISGMAPR	IYISGMAPR2	2	0.00220264	0.0136986	1	89536.9	89536.9	0	2.29683	1667.6	2.34653	1619.96	0	0.0333196	5.41002	0.956261	0	-1e+07	71115;67340;64481;16008;18880;8136;	66335.7;67340;56768.5;13645.2;17741.9;5459.31;	0.928017;0.910473;0.924906;0.914997;0.942708;0.915354;
./tmp//tQC_NA_NA_2.mzML.dia	P04004	P04004	VTNC_HUMAN	VTN	89536.9	89536.9	89536.9	89536.9	89536.9	89536.9	IYISGMAPRPSLAK	IYISGMAPRPSLAK	IYISGMAPRPSLAK3	3	0.00625	0.0136986	1	5903.91	5903.91	0	2.45672	1983.8	2.57882	1869.39	0	0	3.94588	0.946035	2.46458	0.0918279	2094;3976;954;59871;1981;759;	2094;2954.81;855.093;2854.41;948.758;542.013;	0.911013;0.820949;0.930265;-0.239582;0.655955;0.820461;
./tmp//tQC_NA_NA_2.mzML.dia	P02751	P02751	FINC_HUMAN	FN1	21839.1	21839.1	21839.1	21839.1	21839.1	21839.1	IYLYTLNDNAR	IYLYTLNDNAR	IYLYTLNDNAR2	2	0.00220264	0.0136986	1	15914.7	15914.7	0	2.80765	2378.7	2.78573	2426.16	0	0.0567409	5.52059	0.955661	0	-1e+07	8253;19313;7577;9364;5266;4534;	8253;14279.9;6660.04;7975.1;4236.02;3425.66;	0.964506;0.892881;0.921788;0.94561;0.948252;0.95575;
./tmp//tQC_NA_NA_2.mzML.dia	P03952	P03952	KLKB1_HUMAN	KLKB1	10736.2	10736.2	10736.2	10736.2	10736.2	10736.2	IYSGILNLSDITK	IYSGILNLSDITK	IYSGILNLSDITK2	2	0.0155642	0.0136986	1	9971.25	9971.25	0	3.59823	3845.8	3.61181	3804.29	0	0.438659	2.77708	0.807611	3.1968	0.113026	1963;1594;3259;4051;2203;1579;	1887;1594;2481.15;2300;994.546;714.545;	0.718449;0.862607;0.379923;0.246751;-0.134833;0.530081;
./tmp//tQC_NA_NA_2.mzML.dia	P02766	P02766	TTHY_HUMAN	TTR	19222.3	19222.3	19222.3	19222.3	19222.3	19222.3	KAADDTWEPFASGK	KAADDTWEPFASGK	KAADDTWEPFASGK2	2	0.00625	0.0136986	1	2918.14	2918.14	0	2.42752	1656.8	2.33851	1834.61	0	-0.0208161	3.08589	0.941586	2.03279	0.143851	1941;2532;1666;1266;674;748;	1941;576.548;540.579;663.118;314.019;222.859;	0.967245;0.0436841;0.543432;0.586315;0.761285;0.531218;
./tmp//tQC_NA_NA_2.mzML.dia	P02766	P02766	TTHY_HUMAN	TTR	19222.3	19222.3	19222.3	19222.3	19222.3	19222.3	KAADDTWEPFASGK	KAADDTWEPFASGK	KAADDTWEPFASGK3	3	0.00625	0.0136986	1	5184.4	5184.4	0	2.42017	1660.5	2.3413	1823.59	0	0.106795	2.69223	0.948164	2.35014	0.19403	7174;2723;2844;1443;3884;479522;	3711.19;1875.38;1866.02;1443;1070.36;1554.59;	0.644801;0.893727;0.907856;0.892653;0.334998;-0.13857;
./tmp//tQC_NA_NA_2.mzML.dia	P19827	P19827	ITIH1_HUMAN	ITIH1	39447.3	39447.3	39447.3	39447.3	39447.3	39447.3	KAAISGENAGLVR	KAAISGENAGLVR	KAAISGENAGLVR2	2	0.00220264	0.0136986	1	5435.12	5435.12	0	1.54845	1000.7	1.57014	995.156	0	0.59986	4.91529	0.956432	0	-1e+07	3057;1508;1324;1011;1088;1127;	3057;1486.24;1259.86;891.878;919.796;943.312;	0.955985;0.966177;0.942118;0.959189;0.909319;0.94601;
./tmp//tQC_NA_NA_2.mzML.dia	P0C0L4;P0C0L5	P0C0L4;P0C0L5	CO4A_HUMAN;CO4B_HUMAN	C4A;C4B	101288	101288	101288	101288			KADGSYAAWLSR	KADGSYAAWLSR	KADGSYAAWLSR2	2	0.00364299	0.0136986	0	6317.5	6317.5	0	2.47425	1682.2	2.35669	1885.61	0	0.151196	3.86244	0.95226	1.60789	0.104607	2230;2261;2696;1955;3176;2387;	2194.81;2261;2253.76;1861.68;1519.89;1073.83;	0.874863;0.966534;0.803012;0.911869;0.210174;0.54884;
./tmp//tQC_NA_NA_2.mzML.dia	P00450	P00450	CERU_HUMAN	CP	71879.6	71879.6	71879.6	71879.6	71879.6	71879.6	KAEEEHLGILGPQLHADVGDK	KAEEEHLGILGPQLHADVGDK	KAEEEHLGILGPQLHADVGDK3	3	0.00220264	0.0136986	1	5170.37	5170.37	0	2.41518	1829.4	2.44447	1815.47	0	0.921553	5.43727	0.956217	0	-1e+07	2154;2016;3263;1970;795;1725;	1617.34;2016;2178.66;1537.02;697.295;1015.91;	0.954405;0.947765;0.936773;0.939932;0.920635;0.829605;
./tmp//tQC_NA_NA_2.mzML.dia	P00450	P00450	CERU_HUMAN	CP	71879.6	71879.6	71879.6	71879.6	71879.6	71879.6	KAEEEHLGILGPQLHADVGDK	KAEEEHLGILGPQLHADVGDK	KAEEEHLGILGPQLHADVGDK4	4	0.00220264	0.0136986	1	10301.7	10301.7	0	2.42145	1828.4	2.44381	1825.59	0	0.700664	4.73222	0.955808	0	-1e+07	5143;3451;5159;4004;10960;2953;	3598.09;3451;3950.53;2078.51;2808.13;2900.14;	0.899648;0.978934;0.954;0.791296;0.183099;0.951518;
./tmp//tQC_NA_NA_2.mzML.dia	P00450	P00450	CERU_HUMAN	CP	71879.6	71879.6	71879.6	71879.6	71879.6	71879.6	KAEEEHLGILGPQLHADVGDKVK	KAEEEHLGILGPQLHADVGDKVK	KAEEEHLGILGPQLHADVGDKVK3	3	0.0179487	0.0136986	1	13549.5	13549.5	0	2.37992	1749.7	2.39728	1754.42	0	0.703694	2.82939	0.77631	2.87712	0.267257	2036;1835;816905;19907;3049;2831;	2036;1691.37;6270.28;1679.86;1250.14;621.887;	0.949301;0.872358;-0.0421475;-0.138457;0.322507;0.249453;
./tmp//tQC_NA_NA_2.mzML.dia	P00450	P00450	CERU_HUMAN	CP	71879.6	71879.6	71879.6	71879.6	71879.6	71879.6	KAEEEHLGILGPQLHADVGDKVK	KAEEEHLGILGPQLHADVGDKVK	KAEEEHLGILGPQLHADVGDKVK4	4	0.00220264	0.0136986	1	4885.38	4885.38	0	2.39895	1749.8	2.39733	1787.17	0	0.912336	4.3805	0.954889	0	-1e+07	3551;3272;1314;8706;2034;2103;	2077.5;1742.63;1314;3106.64;1796.96;1774.42;	0.639606;0.697643;0.959297;0.175091;0.909979;0.903132;
./tmp//tQC_NA_NA_2.mzML.dia	P00450	P00450	CERU_HUMAN	CP	71879.6	71879.6	71879.6	71879.6	71879.6	71879.6	KAEEEHLGILGPQLHADVGDKVK	KAEEEHLGILGPQLHADVGDKVK	KAEEEHLGILGPQLHADVGDKVK5	5	0.00762195	0.0136986	1	17146.5	17146.5	0	2.38272	1732.9	2.38776	1759.2	0	0.957474	3.2348	0.931414	1.57796	0.268727	6521;7298;20710;102525;4079;16884;	6521;7028.35;4830.88;3218.8;3597.19;2460.17;	0.988521;0.926901;-0.0605871;-0.225603;0.9599;0.025792;
./tmp//tQC_NA_NA_2.mzML.dia	P00450	P00450	CERU_HUMAN	CP	71879.6	71879.6	71879.6	71879.6	71879.6	71879.6	KALYLQYTDETFR	KALYLQYTDETFR	KALYLQYTDETFR2	2	0.21165	0.0136986	1	6422.36	6422.36	0	2.50325	2225.9	2.68152	1909.87	0	-0.226705	2.79145	0.325204	2.98313	0.197263	5294;1772;4100;1309;949;	4989.59;483.77;3221.12;538.689;949;	0.70941;0.0992249;0.602514;0.0564825;0.885712;
./tmp//tQC_NA_NA_2.mzML.dia	P00450	P00450	CERU_HUMAN	CP	71879.6	71879.6	71879.6	71879.6	71879.6	71879.6	KALYLQYTDETFR	KALYLQYTDETFR	KALYLQYTDETFR3	3	0.00625	0.0136986	1	14443.4	14443.4	0	2.76633	2232.9	2.68547	2336.08	0	0.597265	2.76242	0.936994	2.79273	0.144081	4865;10961;10326;12045;19636;4833;	4831.14;4779.29;3105.06;3303.23;4860.94;4833;	0.898861;0.403069;0.275142;-0.1284;-0.151577;0.972725;
./tmp//tQC_NA_NA_2.mzML.dia	P07357	P07357	CO8A_HUMAN	C8A	7278.27	7278.27	7278.27	7278.27	7278.27	7278.27	KAM(UniMod:35)AVEDIISR	KAMAVEDIISR	KAM(UniMod:35)AVEDIISR2	2	0.258396	0.0365854	1	3877.55	3877.55	0	2.01665	1219.1	1.9254	1324.03	0	0.246137	2.81905	0.287136	1.6774	0.142718	2148;1515;2812;689;2115;1478;	675.287;587.614;1136.65;0;337.343;1478;	0.617016;0.745977;0.655697;-0.15742;-0.0903527;0.960167;
./tmp//tQC_NA_NA_2.mzML.dia	P07357	P07357	CO8A_HUMAN	C8A	7278.27	7278.27	7278.27	7278.27	7278.27	7278.27	KAMAVEDIISR	KAMAVEDIISR	KAMAVEDIISR2	2	0.0265152	0.0365854	1	3394.1	3394.1	0	2.37385	1673	2.35038	1744.12	0	0.583337	3.42669	0.739372	2.09184	0.24832	1304;1243;2019;5076;2781;1745;	912.041;929.922;1082.36;2489.37;2781;469.779;	0.768295;0.801789;0.555205;0.594916;0.963049;0.261229;
./tmp//tQC_NA_NA_2.mzML.dia	P15311;P26038;P35241	P15311;P26038;P35241	EZRI_HUMAN;MOES_HUMAN;RADI_HUMAN	EZR;MSN;RDX	7971.96	7971.96	7971.96	7971.96			KAPDFVFYAPR	KAPDFVFYAPR	KAPDFVFYAPR2	2	0.474604	1	0	7588.52	7588.52	0	3.04112	2370.4	2.77903	2832.57	0	0.526112	2.34797	0.185502	0	-1e+07	2624;6080;2139;2842;5416;2190;	2624;3516.37;466.268;1379.08;512.267;981.881;	0.91503;0.542269;-0.130871;0.268882;0.228334;0.343413;
./tmp//tQC_NA_NA_2.mzML.dia	P01008	P01008	ANT3_HUMAN	SERPINC1	262560	262560	262560	262560	262560	262560	KATEDEGSEQKIPEATNR	KATEDEGSEQKIPEATNR	KATEDEGSEQKIPEATNR3	3	0.00625	0.0136986	1	2972.52	2972.52	0	1.19168	798.1	1.15617	830.544	0	0.488527	3.63064	0.940402	1.81469	0.0871768	2020;1098;437;1021;553;10561;	2020;456.829;82.6917;419.051;495.691;2271.17;	0.960694;0.55374;0.444298;0.549285;0.904429;0.0139613;
./tmp//tQC_NA_NA_2.mzML.dia					3.49289e+06	3.49289e+06					KDLGEENFK	KDLGEENFK	KDLGEENFK2	2	0.00364299	1	0	28273	28273	0	1.97705	1184.8	1.88563	1278.38	0	0.986792	5.09894	0.950665	2.33643	0.0975647	5157;3202;3806;6088;2827;20787;	4793.13;2692.88;3090.89;4576.62;2391.28;20787;	0.989807;0.947546;0.930628;0.868859;0.918578;0.995165;
./tmp//tQC_NA_NA_2.mzML.dia	P06702	P06702	S10A9_HUMAN	S100A9	7662.27	7662.27	7662.27	7662.27	7662.27	7662.27	KDLQNFLK	KDLQNFLK	KDLQNFLK2	2	0.512336	0.851351	1	7662.27	7662.27	0	2.3215	1378.6	2.07438	1658.3	0	0.0503945	2.00921	0.173446	0	-1e+07	4307;1198;3073;3195;3063;4860;	4307;464.47;1937.64;508.572;259.077;185.503;	0.960262;0.663982;0.850961;0.0688574;-0.267494;-0.151259;
./tmp//tQC_NA_NA_2.mzML.dia	P02774	P02774	VTDB_HUMAN	GC	53475.6	53475.6	53475.6	53475.6	53475.6	53475.6	KFPSGTFEQVSQLVK	KFPSGTFEQVSQLVK	KFPSGTFEQVSQLVK2	2	0.00220264	0.0136986	1	27801.6	27801.6	0	3.24318	3014.2	3.17682	3146.87	0	0.811242	4.9876	0.955413	2.03925	0.182249	10443;14316;30709;3812;5555;7495;	10443;13611.9;18534.9;3746.73;4269.14;6950.54;	0.973762;0.885804;0.417401;0.893257;0.620278;0.817669;
./tmp//tQC_NA_NA_2.mzML.dia	P02774	P02774	VTDB_HUMAN	GC	53475.6	53475.6	53475.6	53475.6	53475.6	53475.6	KFPSGTFEQVSQLVK	KFPSGTFEQVSQLVK	KFPSGTFEQVSQLVK3	3	0.00220264	0.0136986	1	51682.8	51682.8	0	3.08783	3016.3	3.17793	2873.58	0	0.665294	5.49166	0.956244	1.54523	0.0911111	31624;20533;13079;16089;12988;7794;	31370;20515.6;13079;15325.1;12480.8;7233.78;	0.95769;0.931353;0.975152;0.953551;0.947027;0.964886;
./tmp//tQC_NA_NA_2.mzML.dia	P04196	P04196	HRG_HUMAN	HRG	26183.3	26183.3	26183.3	26183.3	26183.3	26183.3	KGEVLPLPEANFPSFPLPHHK	KGEVLPLPEANFPSFPLPHHK	KGEVLPLPEANFPSFPLPHHK3	3	0.00220264	0.0136986	1	8918.69	8918.69	0	3.43965	3659.7	3.5035	3490.38	0	0.110014	4.72449	0.954795	2.30247	0.120122	10194;3719;4036;2300;4278;1958;	4465.36;3719;3030.1;1889;3310.69;1415.5;	0.374694;0.990581;0.865197;0.941837;0.945275;0.89034;
./tmp//tQC_NA_NA_2.mzML.dia	P04196	P04196	HRG_HUMAN	HRG	26183.3	26183.3	26183.3	26183.3	26183.3	26183.3	KGEVLPLPEANFPSFPLPHHK	KGEVLPLPEANFPSFPLPHHK	KGEVLPLPEANFPSFPLPHHK4	4	0.00364299	0.0136986	1	18398	18398	0	3.44592	3648.9	3.49878	3504.21	0	-0.218958	4.70819	0.952987	2.03926	0.174	9920;4477;5272;4192;7016;2561;	9920;4086.7;4391.35;3647.74;5737.03;418.725;	0.984356;0.975346;0.969494;0.959857;0.953218;0.052464;
./tmp//tQC_NA_NA_2.mzML.dia					3.49289e+06	3.49289e+06					KGPDGTNVK	KGPDGTNVK	KGPDGTNVK2	2	0.406303	1	0	11399.7	11399.7	0	2.07355	1602.6	2.29271	1387.21	0	-0.0702926	2.02643	0.208992	2.02658	0.147517	7023;30783;2951;2998;3296;3312;	766.269;3764.53;480.999;1267.32;3296;1824.53;	-0.205443;-0.0487784;0.185404;0.0919337;0.956884;0.421062;
./tmp//tQC_NA_NA_2.mzML.dia	P01024	P01024	CO3_HUMAN	C3	153839	153839	153839	153839	153839	153839	KGYTQQLAFR	KGYTQQLAFR	KGYTQQLAFR2	2	0.00220264	0.0136986	1	7622.17	7622.17	0	1.95412	1174.6	1.87287	1254.37	0	0.944227	5.50446	0.956214	0	-1e+07	4253;2551;1582;2486;1386;1832;	4253;2069.75;1299.42;1557.32;1219.9;1110.11;	0.97038;0.948657;0.943111;0.827662;0.922718;0.869969;
./tmp//tQC_NA_NA_2.mzML.dia	P01011	P01011	AACT_HUMAN	SERPINA3	138152	138152	138152	138152	138152	138152	KLINDYVK	KLINDYVK	KLINDYVK2	2	0.00220264	0.0136986	1	10284.8	10284.8	0	1.7661	1080.6	1.72592	1108.68	0	0.951187	4.85606	0.955884	1.71217	0.221939	4980;4108;3656;1964;1841;1783;	4980;3765.16;2033.32;1444.95;1539.65;1153.3;	0.925237;0.942921;0.79153;0.853358;0.896085;0.853583;
./tmp//tQC_NA_NA_2.mzML.dia	P00450	P00450	CERU_HUMAN	CP	71879.6	71879.6	71879.6	71879.6	71879.6	71879.6	KLISVDTEHSNIYLQNGPDR	KLISVDTEHSNIYLQNGPDR	KLISVDTEHSNIYLQNGPDR3	3	0.00364299	0.0136986	1	6219.08	6219.08	0	2.39095	1819.6	2.4381	1773.33	0	0.889916	4.58842	0.95236	2.40458	0.676143	2507;1668;2275;954;2689;1231;	2507;1429.31;921.656;744.31;2282.76;649.046;	0.958138;0.898081;0.408096;0.870962;0.908565;0.608174;
./tmp//tQC_NA_NA_2.mzML.dia	P00450	P00450	CERU_HUMAN	CP	71879.6	71879.6	71879.6	71879.6	71879.6	71879.6	KLISVDTEHSNIYLQNGPDR	KLISVDTEHSNIYLQNGPDR	KLISVDTEHSNIYLQNGPDR4	4	0.00220264	0.0136986	1	33866.5	33866.5	0	2.39722	1826.6	2.44263	1784.16	0	0.329292	4.6747	0.955331	3.02899	0.193181	10629;15684;8191;4859;81205;10437;	10529.2;15684;7653.26;4783.47;9081.56;6494.15;	0.917768;0.923646;0.860752;0.85743;0.267468;0.737069;
./tmp//tQC_NA_NA_2.mzML.dia	P01009	P01009	A1AT_HUMAN	SERPINA1	589664	589664	589664	589664	589664	589664	KLSSWVLLMK	KLSSWVLLMK	KLSSWVLLMK2	2	0.00220264	0.0136986	1	48265.9	48265.9	0	3.28603	3041.8	3.19091	3215.25	0	0.981664	5.73343	0.956426	2.80395	0.376728	37991;16810;23242;8973;9482;17090;	37871;16810;22666.6;8789.32;8946.53;14119.1;	0.954646;0.980923;0.973463;0.988922;0.96327;0.967961;
./tmp//tQC_NA_NA_2.mzML.dia	P04114	P04114	APOB_HUMAN	APOB	43710.3	43710.3	43710.3	43710.3	43710.3	43710.3	KLTISEQNIQR	KLTISEQNIQR	KLTISEQNIQR2	2	0.00625	0.0136986	1	4851.65	4851.65	0	1.7343	1073.2	1.71238	1090.13	0	0.365421	5.00427	0.947109	2.60383	0.133151	2024;2424;728;1282;17533;1456;	2024;1834.07;684.76;993.585;10906.1;267.13;	0.946157;0.925116;0.91996;0.937337;0.801451;0.45431;
./tmp//tQC_NA_NA_2.mzML.dia	P02768	P02768	ALBU_HUMAN	ALB	6.02018e+06	6.02018e+06	6.52224e+06	6.52224e+06	6.52224e+06	6.52224e+06	KLVAASQAALG	KLVAASQAALG	KLVAASQAALG2	2	0.00625	0.0136986	1	1699.52	1699.52	0	1.8652	1232.4	1.93968	1175.66	0	-0.0128796	4.51352	0.948536	2.19612	0.137301	6924;11185;15279;6774;757;1373;	6924;4194.07;1847.9;2307.17;717.812;981.708;	0.965041;0.675933;-0.0275381;0.662585;0.959664;0.912596;
./tmp//tQC_NA_NA_2.mzML.dia	P02768	P02768	ALBU_HUMAN	ALB	6.02018e+06	6.02018e+06	6.52224e+06	6.52224e+06	6.52224e+06	6.52224e+06	KLVAASQAALGL	KLVAASQAALGL	KLVAASQAALGL2	2	0.00220264	0.0136986	1	78585.7	78585.7	0	2.75487	2392.2	2.79691	2306.99	0	0.912104	5.73796	0.955842	2.3448	0.611675	135235;49289;45614;30733;19430;33021;	134264;46921.6;45614;30028.2;18749.4;32971.7;	0.957896;0.935038;0.950857;0.967788;0.950537;0.959203;
./tmp//tQC_NA_NA_2.mzML.dia	P01024	P01024	CO3_HUMAN	C3	153839	153839	153839	153839	153839	153839	KLVLSSEK	KLVLSSEK	KLVLSSEK2	2	0.00220264	0.0136986	1	19240.9	19240.9	0	1.19795	841.7	1.24352	833.544	0	0.913315	4.95514	0.954873	1.39212	0.114192	5679;4263;2493;13895;3913;1770;	5679;4173.08;2105.6;11456.3;1744.91;1012.95;	0.97066;0.944525;0.95776;0.953464;0.724957;0.855054;
./tmp//tQC_NA_NA_2.mzML.dia	P01009	P01009	A1AT_HUMAN	SERPINA1	589664	589664	589664	589664	589664	589664	KLYHSEAFTVNFGDTEEAK	KLYHSEAFTVNFGDTEEAK	KLYHSEAFTVNFGDTEEAK3	3	0.0085592	0.0136986	1	6651.62	6651.62	0	2.57463	1917.5	2.5182	1998.54	0	0.669548	3.1668	0.912726	0	-1e+07	2807;1991;2227;1355;1968;1870;	2679.83;1744.79;2227;574.487;1384.35;728.932;	0.891525;0.862542;0.968194;0.594779;0.76919;0.439564;
./tmp//tQC_NA_NA_2.mzML.dia	P01009	P01009	A1AT_HUMAN	SERPINA1	589664	589664	589664	589664	589664	589664	KLYHSEAFTVNFGDTEEAKK	KLYHSEAFTVNFGDTEEAKK	KLYHSEAFTVNFGDTEEAKK3	3	0.00220264	0.0136986	1	7951.46	7951.46	0	2.3663	1581.2	2.27262	1731.4	0	0.394614	3.63232	0.954697	0	-1e+07	1887;2881;3040;2313;3145;2119;	339.115;2872.83;2765.63;2313;1634.42;1018.97;	0.0478165;0.895632;0.830787;0.975844;0.546448;0.647985;
./tmp//tQC_NA_NA_2.mzML.dia	P06681	P06681	CO2_HUMAN	C2	9218.82	9218.82	9218.82	9218.82	9218.82	9218.82	KNQGILEFYGDDIALLK	KNQGILEFYGDDIALLK	KNQGILEFYGDDIALLK3	3	0.00364299	0.0136986	1	9018.29	9018.29	0	3.81762	4086.5	3.79375	4094.9	0	0.00886346	4.36785	0.951278	3.74298	0.93417	3734;3178;2517;6227;3191;1302;	3696.42;3178;2143.87;3361.28;2100.3;964.976;	0.804341;0.957241;0.738177;0.369014;0.567007;0.70029;
./tmp//tQC_NA_NA_2.mzML.dia	P04003	P04003	C4BPA_HUMAN	C4BPA	30615.3	30615.3	30615.3	30615.3	30615.3	30615.3	KPDVSHGEMVSGFGPIYNYK	KPDVSHGEMVSGFGPIYNYK	KPDVSHGEMVSGFGPIYNYK3	3	0.00220264	0.0136986	1	9789.26	9789.26	0	2.7354	2262.9	2.70324	2259.1	0	0.523224	4.77515	0.956232	0	-1e+07	4401;3378;3797;5082;4093;2481;	4401;2825.16;2563.09;2698.49;2256.51;1388.4;	0.975665;0.974046;0.900264;0.710604;0.880286;0.863863;
./tmp//tQC_NA_NA_2.mzML.dia	P04003	P04003	C4BPA_HUMAN	C4BPA	30615.3	30615.3	30615.3	30615.3	30615.3	30615.3	KPDVSHGEMVSGFGPIYNYK	KPDVSHGEMVSGFGPIYNYK	KPDVSHGEMVSGFGPIYNYK4	4	0.00220264	0.0136986	1	30615.3	30615.3	0	2.72977	2276.9	2.71201	2246.86	0	0.371965	4.48016	0.953884	2.91447	0.515568	16672;23422;8034;366510;24905;5955;	16672;20116.1;8034;10638.5;8889.39;5909.29;	0.971849;0.877204;0.93764;0.0137243;0.125632;0.936309;
./tmp//tQC_NA_NA_2.mzML.dia	P02768	P02768	ALBU_HUMAN	ALB	6.02018e+06	6.02018e+06	6.52224e+06	6.52224e+06	6.52224e+06	6.52224e+06	KQTALVELVK	KQTALVELVK	KQTALVELVK2	2	0.00364299	0.0136986	1	604920	604920	0	2.23647	1554.2	2.24619	1532.57	0	0.994898	5.91812	0.950457	3.6732	0.119602	318332;205664;81167;82218;61500;112273;	318332;205611;80977.1;81461.9;61326.9;109413;	0.98484;0.985836;0.979869;0.976257;0.976099;0.978453;
./tmp//tQC_NA_NA_2.mzML.dia	P10909	P10909	CLUS_HUMAN	CLU	31118.6	31118.6	31118.6	31118.6	31118.6	31118.6	KTLLSNLEEAK	KTLLSNLEEAK	KTLLSNLEEAK2	2	0.011889	0.0136986	1	14076	14076	0	2.37428	1562.3	2.25422	1744.85	0	-0.0967062	3.59657	0.833387	2.49565	0.355288	2506;2454;7040;3100;1132;4592;	2212.12;2321.95;4188.15;2678.21;1132;1543.61;	0.814173;0.867729;0.675593;0.861852;0.923664;0.29824;
./tmp//tQC_NA_NA_2.mzML.dia	P69905	P69905	HBA_HUMAN	HBA1	26062.1	26062.1	26062.1	26062.1	26062.1	26062.1	KVADALTNAVAHVD	KVADALTNAVAHVD	KVADALTNAVAHVD2	2	0.0426035	0.0136986	1	6964.74	6964.74	0	2.5742	1963.3	2.56381	1997.72	0	0.192755	1.84281	0.620468	3.05865	0.296154	3716;2746;928;2332;2528;3116;	968.573;2746;130.09;956.488;1222.07;941.524;	0.358215;0.970367;0.0570914;0.512089;0.378698;0.527761;
./tmp//tQC_NA_NA_2.mzML.dia	P01024	P01024	CO3_HUMAN	C3	153839	153839	153839	153839	153839	153839	KVEGTAFVIFGIQDGEQR	KVEGTAFVIFGIQDGEQR	KVEGTAFVIFGIQDGEQR3	3	0.00364299	0.0136986	1	27652	27652	0	3.38685	3343.1	3.33655	3381.78	0	-0.0305118	4.57216	0.95158	0	-1e+07	9175;21169;6371;12042;6686;5451;	9175;6950.84;6175.42;11858.1;6618.96;2907.6;	0.987865;0.0625765;0.961812;0.968812;0.979289;0.406427;
./tmp//tQC_NA_NA_2.mzML.dia	P07225	P07225	PROS_HUMAN	PROS1	20861.7	20861.7	20861.7	20861.7	20861.7	20861.7	KVESELIKPINPR	KVESELIKPINPR	KVESELIKPINPR2	2	0.00220264	0.0136986	1	1005.05	1005.05	0	1.93423	1230.5	1.93768	1234.87	0	0.684841	4.69205	0.955956	1.58986	0.0970394	1994;720;501;388;414;354;	580.837;299.501;380.298;388;281.104;236.757;	0.574506;0.788259;0.861531;0.945729;0.82585;0.836495;
./tmp//tQC_NA_NA_2.mzML.dia	P07225	P07225	PROS_HUMAN	PROS1	20861.7	20861.7	20861.7	20861.7	20861.7	20861.7	KVESELIKPINPR	KVESELIKPINPR	KVESELIKPINPR3	3	0.00364299	0.0136986	1	19533.7	19533.7	0	1.92687	1226.7	1.93363	1227.95	0	0.298316	4.58943	0.953706	2.38301	0.180625	9301;1179;2432;10015;749;2898;	9301;620.017;1303.97;9575.5;657.182;972.74;	0.975829;0.796234;0.789791;0.904869;0.936504;0.412072;
./tmp//tQC_NA_NA_2.mzML.dia					3.49289e+06	3.49289e+06					KVGAHAGEYGAEALER	KVGAHAGEYGAEALER	KVGAHAGEYGAEALER3	3	0.0754098	1	0	6764.9	6764.9	0	1.60752	984.3	1.53631	1023.36	0	-0.2685	1.9386	0.498715	3.05122	0.668155	5096;541;1921;751;1129;1132;	4492.66;0;1921;196.877;154.369;0;	0.792237;0.114333;0.939121;0.343698;0.0789896;-0.121512;
./tmp//tQC_NA_NA_2.mzML.dia	P02042;P68871	P02042;P68871	HBB_HUMAN;HBD_HUMAN	HBB;HBD	9579.54	9579.54	9579.54	9579.54			KVLGAFSDGLAHLDNLK	KVLGAFSDGLAHLDNLK	KVLGAFSDGLAHLDNLK4	4	0.0809061	0.0136986	0	36849.1	36849.1	0	3.1218	2992.2	3.16437	2916.23	0	0.0831436	2.46183	0.479286	0	-1e+07	1936;2021;562;2207;1202;63369;	1249.06;818.75;562;529.886;630.666;33058.8;	0.525352;0.539121;0.813957;0.143299;0.417818;0.394249;
./tmp//tQC_NA_NA_2.mzML.dia	P01024	P01024	CO3_HUMAN	C3	153839	153839	153839	153839	153839	153839	KVLLDGVQN	KVLLDGVQN	KVLLDGVQN2	2	0.278388	0.0136986	1	8263.93	8263.93	0	1.95108	1318.9	2.02208	1251.31	0	-0.103818	2.5047	0.273762	1.71512	0.12952	901;115487;929;1738;3025;765;	399.855;5700.77;333.905;151.183;913.211;765;	0.777874;-0.0503225;0.673746;0.094264;0.426127;0.935209;
./tmp//tQC_NA_NA_2.mzML.dia	P01024	P01024	CO3_HUMAN	C3	153839	153839	153839	153839	153839	153839	KVLLDGVQNPR	KVLLDGVQNPR	KVLLDGVQNPR2	2	0.00220264	0.0136986	1	23192.6	23192.6	0	1.84357	1154.9	1.84656	1159.47	0	0.991652	5.87356	0.956349	2.44435	0.138086	10118;7875;6784;7317;3286;2111;	10118;6821.61;6252.98;6281.14;3156.83;1834.63;	0.983847;0.981169;0.979056;0.97193;0.973829;0.976989;
./tmp//tQC_NA_NA_2.mzML.dia	P02768;P02769	P02768;P02769	ALBU_BOVIN;ALBU_HUMAN	ALB	6.52224e+06	6.52224e+06	6.52224e+06	6.52224e+06	6.52224e+06	6.52224e+06	KVPQVSTPT	KVPQVSTPT	KVPQVSTPT2	2	0.271468	0.0136986	1	30971.9	30971.9	0	1.3957	1041.2	1.65148	925.986	0	-0.11728	3.44205	0.27885	2.63894	0.29582	1209;3572;22320;2090;15326;946;	0;1208.23;16350.5;1125.99;11341.1;946;	0.543637;0.00218836;0.556523;0.55239;0.578809;0.955294;
./tmp//tQC_NA_NA_2.mzML.dia	P02768;P02769	P02768;P02769	ALBU_BOVIN;ALBU_HUMAN	ALB	6.52224e+06	6.52224e+06	6.52224e+06	6.52224e+06	6.52224e+06	6.52224e+06	KVPQVSTPTLVEVSR	KVPQVSTPTLVEVSR	KVPQVSTPTLVEVSR2	2	0.00364299	0.0136986	1	3.1908e+06	3.1908e+06	0	2.49048	2116	2.6312	1899.23	0	0.971381	5.96422	0.952793	3.01897	0.109417	1.42304e+06;1.13251e+06;1.21366e+06;845257;499661;327908;	1.42106e+06;1.13251e+06;1.21306e+06;845234;499456;326952;	0.991838;0.996816;0.993671;0.99651;0.992712;0.987915;
./tmp//tQC_NA_NA_2.mzML.dia	P02768;P02769	P02768;P02769	ALBU_BOVIN;ALBU_HUMAN	ALB	6.52224e+06	6.52224e+06	6.52224e+06	6.52224e+06	6.52224e+06	6.52224e+06	KVPQVSTPTLVEVSR	KVPQVSTPTLVEVSR	KVPQVSTPTLVEVSR3	3	0.00364299	0.0136986	1	6.52224e+06	6.52224e+06	0	2.49502	2139.6	2.63936	1902.97	0	0.916191	5.97458	0.952747	3.47277	0.376015	2.67183e+06;2.69516e+06;1.15532e+06;965262;1.07976e+06;680446;	2.67183e+06;2.69516e+06;1.15525e+06;964668;1.07976e+06;679179;	0.997082;0.995788;0.996936;0.995256;0.992581;0.99149;
./tmp//tQC_NA_NA_2.mzML.dia					3.49289e+06	3.49289e+06					KVTYTSQEDLVEKK	KVTYTSQEDLVEKK	KVTYTSQEDLVEKK2	2	0.00364299	1	0	888.305	888.305	0	1.50432	944.8	1.45389	974.826	0	0.106395	3.44548	0.952475	0	-1e+07	422;547;315;1466;297;937;	422;176.206;216.305;370.83;250;270.558;	0.918783;0.634345;0.758223;0.387291;0.818842;0.53561;
./tmp//tQC_NA_NA_2.mzML.dia					3.49289e+06	3.49289e+06					KVTYTSQEDLVEKK	KVTYTSQEDLVEKK	KVTYTSQEDLVEKK3	3	0.0085592	1	0	2153.43	2153.43	0	1.50885	943.1	1.45033	976.892	0	0.544291	2.5376	0.924653	1.73107	0.242481	827;969;1717;1381;6478;736;	641.84;625.045;667.95;775.588;953.239;736;	0.691066;0.592385;0.403988;0.595632;0.186767;0.916414;
./tmp//tQC_NA_NA_2.mzML.dia	P01042	P01042	KNG1_HUMAN	KNG1	55344.2	55344.2	55344.2	55344.2	55344.2	55344.2	KYFIDFVAR	KYFIDFVAR	KYFIDFVAR2	2	0.00625	0.0136986	1	10560.8	10560.8	0	2.96495	2577.4	2.90727	2743.88	0	0.551793	3.18112	0.944695	2.1543	0.137792	4497;3868;3743;3612;2838;1374;	4497;3613.93;2340.85;2449.87;1299.14;714.944;	0.977921;0.937514;0.820353;0.84919;0.786686;0.58732;
./tmp//tQC_NA_NA_2.mzML.dia	P02768	P02768	ALBU_HUMAN	ALB	6.02018e+06	6.02018e+06	6.52224e+06	6.52224e+06	6.52224e+06	6.52224e+06	KYLYEIAR	KYLYEIAR	KYLYEIAR2	2	0.00220264	0.0136986	1	120040	120040	0	2.07528	1276	1.98303	1388.74	0	0.988632	5.6633	0.955806	2.11683	0.141188	78626;72856;41083;13333;7437;11525;	78626;72655;40328.4;11635.7;7056.46;10366.2;	0.939959;0.942794;0.948532;0.929719;0.951392;0.935711;
./tmp//tQC_NA_NA_2.mzML.dia	P01042	P01042	KNG1_HUMAN	KNG1	55344.2	55344.2	55344.2	55344.2	55344.2	55344.2	KYNSQNQSNNQFVLYR	KYNSQNQSNNQFVLYR	KYNSQNQSNNQFVLYR3	3	0.00364299	0.0136986	1	5597.34	5597.34	0	2.17828	1415.6	2.10777	1467.58	0	-0.035129	3.06937	0.951366	2.1176	0.129637	1889;1746;2319;3713;6939;1913;	1844.57;1746;2006.77;946.126;2111.59;995.146;	0.940372;0.912377;0.838214;-0.0477903;-0.0224088;0.541645;
./tmp//tQC_NA_NA_2.mzML.dia	P05155	P05155	IC1_HUMAN	SERPING1	83273	83273	83273	83273	83273	83273	KYPVAHFIDQTLK	KYPVAHFIDQTLK	KYPVAHFIDQTLK2	2	0.0085592	0.0136986	1	9820.08	9820.08	0	2.72393	1993.3	2.58478	2234.86	0	0.10742	3.93313	0.922359	2.15914	0.0952811	2614;3969;3042;3278;4378;5668;	2614;1507.91;1885.56;2235.62;1184.92;4970.46;	0.972739;0.264704;0.550931;0.710499;-0.151109;0.80321;
./tmp//tQC_NA_NA_2.mzML.dia	P0C0L4;P0C0L5	P0C0L4;P0C0L5	CO4A_HUMAN;CO4B_HUMAN	C4A;C4B	101288	101288	101288	101288			KYVLPNFEVK	KYVLPNFEVK	KYVLPNFEVK2	2	0.00220264	0.0136986	0	10365.1	10365.1	0	2.75617	2226.5	2.68186	2310.4	0	0.568262	5.11633	0.956302	0	-1e+07	8222;5751;3441;10459;1970;2318;	6546.61;5340.76;3054.34;5794.51;1970;1609.55;	0.820458;0.971379;0.900231;0.762443;0.958572;0.845006;
./tmp//tQC_NA_NA_2.mzML.dia	P36955	P36955	PEDF_HUMAN	SERPINF1	11727.3	11727.3	11727.3	11727.3	11727.3	11727.3	LAAAVSNFGYDLYR	LAAAVSNFGYDLYR	LAAAVSNFGYDLYR2	2	0.00220264	0.0136986	1	11212.6	11212.6	0	3.24188	3190.3	3.25569	3144.72	0	0.911422	5.11519	0.955748	1.85179	0.736339	7479;4769;4284;3308;2817;3954;	5103.23;4496.9;3898.69;2790.72;2817;2403.94;	0.636494;0.932235;0.8878;0.886903;0.934668;0.726017;
./tmp//tQC_NA_NA_2.mzML.dia					3.49289e+06	3.49289e+06					LAEFAFSLYR	LAEFAFSLYR	LAEFAFSLYR2	2	0.00220264	1	0	15248	15248	0	3.6071	3705.7	3.52506	3819.5	0	0.910087	5.16673	0.956363	0	-1e+07	7851;5161;5547;6339;6741;3285;	7131.92;5095.73;5547;5865.29;4652.42;3020.36;	0.886627;0.926514;0.879532;0.862764;0.767843;0.914556;
./tmp//tQC_NA_NA_2.mzML.dia	P35858	P35858	ALS_HUMAN	IGFALS	11092.5	11092.5	11092.5	11092.5	11092.5	11092.5	LAELPADALGPLQR	LAELPADALGPLQR	LAELPADALGPLQR2	2	0.00364299	0.0136986	1	8077.53	8077.53	0	3.21637	3305.9	3.31302	3101.1	0	0.0741015	3.11311	0.952077	1.83568	0.169287	5600;10530;3073;1490;2440;4491;	5600;3841.86;1132.86;1344.67;1012.77;1037.04;	0.977528;0.271337;0.700217;0.870382;0.622381;0.218608;
./tmp//tQC_NA_NA_2.mzML.dia	P02768	P02768	ALBU_HUMAN	ALB	6.02018e+06	6.02018e+06	6.52224e+06	6.52224e+06	6.52224e+06	6.52224e+06	LAKTYETTLEK	LAKTYETTLEK	LAKTYETTLEK2	2	0.305009	0.0136986	1	2230.54	2230.54	0	1.54845	1153.4	1.84444	995.156	0	-0.0140389	3.27795	0.255787	2.92565	0.116506	1091;468;758;690;714;705;	722.027;63.8574;294.145;130.334;315.181;705;	0.760926;0.560992;0.544529;0.273697;0.551583;0.904241;
./tmp//tQC_NA_NA_2.mzML.dia	Q14624	Q14624	ITIH4_HUMAN	ITIH4	53564.2	53564.2	53564.2	53564.2	53564.2	53564.2	LALDNGGLAR	LALDNGGLAR	LALDNGGLAR2	2	0.00220264	0.0136986	1	16765.4	16765.4	0	2.12375	1489.7	2.18065	1426.06	0	0.101351	4.76775	0.95558	1.95096	0.0965017	15736;7613;5667;3702;6469;3141;	11358.3;7613;5667;3485.43;3511.09;1031.32;	0.797529;0.914397;0.963645;0.913069;0.688499;0.460229;
./tmp//tQC_NA_NA_2.mzML.dia	P06727	P06727	APOA4_HUMAN	APOA4	59703.7	59703.7	59703.7	59703.7	59703.7	59703.7	LAPLAEDVR	LAPLAEDVR	LAPLAEDVR2	2	0.00625	0.0136986	1	59703.7	59703.7	0	2.1484	1525.9	2.21763	1443.8	0	-0.0563349	5.26064	0.94887	1.75074	0.217626	37707;109140;28642;26222;18803;9833;	30780.6;109140;28042.2;23921.1;14520.1;7740.4;	0.917953;0.945264;0.947276;0.946003;0.940609;0.975673;
./tmp//tQC_NA_NA_2.mzML.dia					3.49289e+06	3.49289e+06					LASVSTVLTSK	LASVSTVLTSK	LASVSTVLTSK2	2	0.492958	1	0	7189.08	7189.08	0	2.23647	1833	2.44688	1532.57	0	0.433014	2.59543	0.178298	3.71271	0.161242	1408;5129;1140;4389;2434;695;	488.749;5129;295.93;876.167;243.527;155.706;	0.756054;0.971721;0.392568;0.150208;0.0491708;0.407376;
./tmp//tQC_NA_NA_2.mzML.dia	P01019	P01019	ANGT_HUMAN	AGT	21230	21230	21230	21230	21230	21230	LDAHKVLSALQAVQGLLVAQGR	LDAHKVLSALQAVQGLLVAQGR	LDAHKVLSALQAVQGLLVAQGR3	3	0.373391	0.0136986	1	4665.98	4665.98	0	4.53637	4419.9	4.61433	4381.59	0	0.0250897	2.98685	0.218607	1.9075	0.153178	1172;1398;5866;3080;2630;2705;	1172;727.148;234.526;1045.13;550.024;937.159;	0.870012;0.409759;0.33049;0.398483;0.278059;0.406794;
./tmp//tQC_NA_NA_2.mzML.dia	P01019	P01019	ANGT_HUMAN	AGT	21230	21230	21230	21230	21230	21230	LDAHKVLSALQAVQGLLVAQGR	LDAHKVLSALQAVQGLLVAQGR	LDAHKVLSALQAVQGLLVAQGR4	4	0.00762195	0.0136986	1	18221.1	18221.1	0	4.37042	4401.5	4.55761	4342.64	0	-0.0819354	3.94382	0.932151	1.94615	0.140098	6426;6754;5441;1596;1008;2724;	6326.66;6453.45;5441;27.828;36.612;2085.62;	0.957713;0.935139;0.942846;-0.171422;-0.0369356;0.91065;
./tmp//tQC_NA_NA_2.mzML.dia	P19827	P19827	ITIH1_HUMAN	ITIH1	39447.3	39447.3	39447.3	39447.3	39447.3	39447.3	LDAQASFLPK	LDAQASFLPK	LDAQASFLPK2	2	0.00220264	0.0136986	1	39447.3	39447.3	0	2.63067	2157	2.64645	2094.09	0	0.57195	3.89136	0.956183	5.52897	0.267078	16405;13394;11073;10019;134277;5424;	16323.9;13394;9729.42;7331.09;7794.07;3078.98;	0.989395;0.989543;0.901147;0.873266;-0.0687054;0.814772;
./tmp//tQC_NA_NA_2.mzML.dia	P02768	P02768	ALBU_HUMAN	ALB	6.02018e+06	6.02018e+06	6.52224e+06	6.52224e+06	6.52224e+06	6.52224e+06	LDELRDEGK	LDELRDEGK	LDELRDEGK2	2	0.00937082	0.0136986	1	988341	988341	0	1.15078	803.5	1.16698	810.967	0	0.990592	5.88517	0.882246	2.83748	0.19505	364015;315445;316720;309131;239303;143655;	363926;315372;316516;309043;239303;142476;	0.980056;0.984904;0.97783;0.983363;0.977985;0.974721;
./tmp//tQC_NA_NA_2.mzML.dia	P02768	P02768	ALBU_HUMAN	ALB	6.02018e+06	6.02018e+06	6.52224e+06	6.52224e+06	6.52224e+06	6.52224e+06	LDELRDEGKASSAK	LDELRDEGKASSAK	LDELRDEGKASSAK3	3	0.374786	0.0136986	1	28055.5	28055.5	0	1.45822	922.8	1.40798	954.002	0	0.446727	3.55983	0.21837	2.04384	0.281346	2561;13406;2795;4057;8755;1502;	2285.32;12155.6;816.453;2772.26;8523.85;1502;	0.849709;0.89029;-0.0614015;0.75071;0.888678;0.934236;
./tmp//tQC_NA_NA_2.mzML.dia	P02765	P02765	FETUA_HUMAN	AHSG	90260.7	90260.7	90260.7	90260.7	90260.7	90260.7	LDGKFSVVYAK	LDGKFSVVYAK	LDGKFSVVYAK2	2	0.216634	0.0136986	1	3296.42	3296.42	0	2.39852	1552.8	2.24479	1786.42	0	0	2.91504	0.321701	2.29108	0.116038	1968;2163;286;792;1335;793;	870.317;2163;0;0;263.105;0;	0.445876;0.935755;-0.205426;0.36148;0.251226;0.0699729;
./tmp//tQC_NA_NA_2.mzML.dia	P11142	P11142	HSP7C_HUMAN	HSPA8	5944.74	5944.74	5944.74	5944.74	5944.74	5944.74	LDKSQIHDIVLVGGSTR	LDKSQIHDIVLVGGSTR	LDKSQIHDIVLVGGSTR3	3	0.297297	0.338983	1	9747.05	9747.05	0	2.38618	1925.1	2.52644	1765.13	0	-0.288881	2.39995	0.264036	2.48885	0.255483	1922;4513;2239;2546;3424;821;	493.404;4513;376.963;1897.27;1944.84;521.569;	-0.280395;0.929277;0.595237;0.371708;0.354027;0.283431;
./tmp//tQC_NA_NA_2.mzML.dia	P08254	P08254	MMP3_HUMAN	MMP3	13766	13766	13766	13766	13766	13766	LDSDTLEVMR	LDSDTLEVMR	LDSDTLEVMR2	2	0.225	0.166667	1	4832.48	4832.48	0	2.36067	1923.6	2.52479	1721.98	0	0.537051	2.24615	0.315275	4.67649	0.2366	2304;1069;1380;5087;1184;1847;	2304;465.882;548.884;552.921;36.8763;923.919;	0.965734;0.203625;0.309531;0.279189;-0.0548866;0.514129;
./tmp//tQC_NA_NA_2.mzML.dia	P35858	P35858	ALS_HUMAN	IGFALS	11092.5	11092.5	11092.5	11092.5	11092.5	11092.5	LEALPNSLLAPLGR	LEALPNSLLAPLGR	LEALPNSLLAPLGR2	2	0.0301129	0.0136986	1	13662.8	13662.8	0	3.74665	4142.1	3.84903	4022.77	0	0.0877661	1.98299	0.727092	2.07081	0.0955419	4566;10306;2189;3456;4951;4478;	4566;4002.67;980.47;1437.18;922.169;1754.27;	0.979871;0.117136;0.798758;0.359499;-0.0859024;0.240846;
./tmp//tQC_NA_NA_2.mzML.dia	P05155	P05155	IC1_HUMAN	SERPING1	83273	83273	83273	83273	83273	83273	LEDMEQALSPSVFK	LEDMEQALSPSVFK	LEDMEQALSPSVFK2	2	0.00220264	0.0136986	1	7836.72	7836.72	0	3.34098	3323.2	3.32356	3302.18	0	0.575986	5.37432	0.956355	1.57911	0.142892	6464;4665;4261;3899;2384;3118;	5941.18;4604.01;4261;3421.77;1895.54;2812.8;	0.949541;0.960158;0.961286;0.949848;0.936188;0.941186;
./tmp//tQC_NA_NA_2.mzML.dia	P04217	P04217	A1BG_HUMAN	A1BG	57438.7	57438.7	57438.7	57438.7	57438.7	57438.7	LELHVDGPPPRPQL	LELHVDGPPPRPQL	LELHVDGPPPRPQL2	2	0.131063	0.0136986	1	2865.6	2865.6	0	3.082	2517.4	2.88452	2867.77	0	0.712123	2.74885	0.407781	0	-1e+07	3065;923;3645;1869;259;3209;	2865.6;223.92;3530;1869;0;590.382;	0.876021;0.106718;0.894224;0.944516;0.255858;0.0213892;
./tmp//tQC_NA_NA_2.mzML.dia	P04217	P04217	A1BG_HUMAN	A1BG	57438.7	57438.7	57438.7	57438.7	57438.7	57438.7	LELHVDGPPPRPQL	LELHVDGPPPRPQL	LELHVDGPPPRPQL3	3	0.514778	0.0136986	1	511.883	511.883	0	2.64257	2516.4	2.88406	2110.48	0	0.351518	2.44195	0.172289	2.63895	0.108036	1234;1532;4120;1552;1074;1025;	312.345;985.145;4120;883.29;199.539;258.371;	0.240627;0.389459;0.911865;0.543117;0.184491;0.270168;
./tmp//tQC_NA_NA_2.mzML.dia	P04217	P04217	A1BG_HUMAN	A1BG	57438.7	57438.7	57438.7	57438.7	57438.7	57438.7	LELHVDGPPPRPQLR	LELHVDGPPPRPQLR	LELHVDGPPPRPQLR3	3	0.00625	0.0136986	1	57438.7	57438.7	0	2.43422	1806.2	2.42977	1843.76	0	0.584007	3.06224	0.93919	2.60753	0.100009	15216;13444;60545;41915;5953;6926;	7404.77;3304.69;46925.5;917.585;3587.15;6926;	0.487589;0.345687;0.658897;-0.0754642;0.593426;0.954029;
./tmp//tQC_NA_NA_2.mzML.dia	P0C0L4;P0C0L5	P0C0L4;P0C0L5	CO4A_HUMAN;CO4B_HUMAN	C4A;C4B	101288	101288	101288	101288			LELSVDGAK	LELSVDGAK	LELSVDGAK2	2	0.00220264	0.0136986	0	39345.1	39345.1	0	2.12288	1488.8	2.17973	1425.44	0	0.0464578	4.42249	0.954114	2.23764	0.193063	26824;12116;8552;3611;3202;15497;	26824;9435.83;6676.51;3085.27;2234.65;2955.19;	0.958384;0.936867;0.918815;0.932971;0.928157;-0.0308441;
./tmp//tQC_NA_NA_2.mzML.dia					3.49289e+06	3.49289e+06					LETPDFQLFK	LETPDFQLFK	LETPDFQLFK2	2	0.00220264	1	0	62448	62448	0	3.55777	3675.6	3.51066	3731.61	0	0.523053	5.69671	0.956381	0	-1e+07	33762;21082;13992;8763;7617;11545;	33762;21082;13977.4;7604;7313.13;10339.9;	0.974384;0.979305;0.962887;0.974109;0.964021;0.964568;
./tmp//tQC_NA_NA_2.mzML.dia	P35858	P35858	ALS_HUMAN	IGFALS	11092.5	11092.5	11092.5	11092.5	11092.5	11092.5	LEYLLLSR	LEYLLLSR	LEYLLLSR2	2	0.0419162	0.0136986	1	11896.2	11896.2	0	3.1601	2937	3.12502	2990.83	0	-0.0779597	2.66927	0.644217	1.73416	0.141912	5338;5055;1529;3504;4661;4219;	3475.1;2110.28;1529;1393.59;1827.11;1561.15;	0.717428;0.215359;0.963393;0.437781;0.409176;0.15406;
./tmp//tQC_NA_NA_2.mzML.dia	P29622	P29622	KAIN_HUMAN	SERPINA4	18052.3	18052.3	18052.3	18052.3	18052.3	18052.3	LFHTNFYDTVGTIQLINDHVK	LFHTNFYDTVGTIQLINDHVK	LFHTNFYDTVGTIQLINDHVK4	4	0.00625	0.0136986	1	10364.4	10364.4	0	3.58243	3809.8	3.58768	3776.54	0	0.641522	3.58183	0.946445	2.99456	0.198809	3807;3268;3355;2639;9639;3789;	3656.78;2235.27;3355;2191.13;2277.34;3352.58;	0.851891;0.295296;0.920695;0.77165;0.171903;0.781431;
./tmp//tQC_NA_NA_2.mzML.dia					3.49289e+06	3.49289e+06					LGAFSDGLAHLDNLK	LGAFSDGLAHLDNLK	LGAFSDGLAHLDNLK3	3	0.516817	1	0	7500.85	7500.85	0	3.34552	3343.8	3.33703	3309.63	0	0.285188	2.04523	0.170627	1.87035	0.202965	585;2680;3377;18082;2585;225;	0;2680;2301.92;1288.29;1230.64;0;	-0.0517417;0.952123;0.496166;-0.0439154;0.541335;-0.288721;
./tmp//tQC_NA_NA_2.mzML.dia	P00761	P00761	TRYP_PIG		53336.8	53336.8					LGEHNIDVLEGNEQFINAAK	LGEHNIDVLEGNEQFINAAK	LGEHNIDVLEGNEQFINAAK3	3	0.00220264	1	1	53336.8	53336.8	0	3.03137	2933.6	3.1223	2824.36	0	0.970836	5.82185	0.956225	2.05112	0.133096	30748;19999;9400;11288;13902;7958;	30748;19762.1;8836.71;11170.4;13752;5832.54;	0.969426;0.967871;0.978217;0.96583;0.979171;0.948681;
./tmp//tQC_NA_NA_2.mzML.dia	P29622	P29622	KAIN_HUMAN	SERPINA4	18052.3	18052.3	18052.3	18052.3	18052.3	18052.3	LGFTDLFSK	LGFTDLFSK	LGFTDLFSK2	2	0.00220264	0.0136986	1	12066.9	12066.9	0	3.66573	3788.7	3.57356	3913.42	0	0.0873053	4.50507	0.954315	2.69729	0.377108	5493;4217;3723;6068;2377;2399;	5493;3520.96;3052.9;2312.92;1640.73;651.242;	0.986317;0.896339;0.928494;0.609165;0.853746;0.454959;
./tmp//tQC_NA_NA_2.mzML.dia	P01009	P01009	A1AT_HUMAN	SERPINA1	589664	589664	589664	589664	589664	589664	LGMFNIQH	LGMFNIQH	LGMFNIQH2	2	0.00625	0.0136986	1	15472.8	15472.8	0	2.82625	2370	2.77871	2461.67	0	0.0753537	4.40511	0.948762	0	-1e+07	6415;4953;3429;4267;3488;4000;	6415;4920.45;2521.27;4137.33;2539.75;1204.99;	0.958394;0.972578;0.842192;0.93691;0.857342;0.254473;
./tmp//tQC_NA_NA_2.mzML.dia	Q9NZP8	Q9NZP8	C1RL_HUMAN	C1RL	1079.75	1079.75	1079.75	1079.75	1079.75	1079.75	LGNFPWQAFTSIHGR	LGNFPWQAFTSIHGR	LGNFPWQAFTSIHGR3	3	0.0106242	0.0365854	1	10908.9	10908.9	0	3.66747	3843.8	3.61047	3916.01	0	-0.0657222	3.65164	0.845144	3.8808	0.296889	2131;3007;2040;3256;2036;1926;	1394.88;1818.81;2040;3216.78;1562.6;875.859;	0.601004;0.721398;0.939769;0.857186;0.646291;0.55136;
./tmp//tQC_NA_NA_2.mzML.dia	P08697	P08697	A2AP_HUMAN	SERPINF2	14446.4	14446.4	14446.4	14446.4	14446.4	14446.4	LGNQEPGGQTALK	LGNQEPGGQTALK	LGNQEPGGQTALK2	2	0.00364299	0.0136986	1	12423.8	12423.8	0	1.46255	973.4	1.51365	955.948	0	0.914999	3.47908	0.953361	0	-1e+07	9762;7061;1965;1517;2332;3617;	9762;1455.08;1470.07;623.214;1191.69;1310.17;	0.973468;-0.0343771;0.929496;0.526645;0.584329;0.195798;
./tmp//tQC_NA_NA_2.mzML.dia					3.49289e+06	3.49289e+06					LGSPSGEVSHPR	LGSPSGEVSHPR	LGSPSGEVSHPR2	2	0.0155642	1	0	8222.31	8222.31	0	2.6205	2142.9	2.64062	2079.41	0	0.335418	1.93105	0.811968	3.22516	0.199862	2803;2288;2162;2892;10461;1227;	2803;1506.72;1270.6;1416.16;2387.4;345.149;	0.931081;0.614157;0.33912;0.634694;-0.156421;0.420645;
./tmp//tQC_NA_NA_2.mzML.dia	Q14624	Q14624	ITIH4_HUMAN	ITIH4	53564.2	53564.2	53564.2	53564.2	53564.2	53564.2	LGVYELLLK	LGVYELLLK	LGVYELLLK2	2	0.00220264	0.0136986	1	43059.6	43059.6	0	3.69083	3915.8	3.65982	3949.98	0	0.979018	5.31588	0.956285	2.27366	0.115598	19612;18034;5857;6764;14175;3605;	19465.3;17856.1;5738.17;6764;7283.4;3484.87;	0.952369;0.958919;0.95423;0.944363;0.752957;0.95177;
./tmp//tQC_NA_NA_2.mzML.dia	P01023	P01023	A2MG_HUMAN	A2M	171027	171027	171027	171027	171027	171027	LHTEAQIQEEGTVVELTGR	LHTEAQIQEEGTVVELTGR	LHTEAQIQEEGTVVELTGR3	3	0.00220264	0.0136986	1	53767.8	53767.8	0	2.59887	2137.3	2.6385	2044.77	0	0.979676	5.6915	0.956096	3.75212	0.378002	45309;38143;20988;26108;10510;17474;	43386.9;37951.7;20927.7;25999.8;10294;17474;	0.954796;0.952746;0.957797;0.963519;0.969453;0.967192;
./tmp//tQC_NA_NA_2.mzML.dia					3.49289e+06	3.49289e+06					LHTLFGDK	LHTLFGDK	LHTLFGDK2	2	0.00220264	1	0	93044.7	93044.7	0	2.2092	1401.1	2.09448	1498.1	0	0.946182	5.9014	0.956512	1.78149	0.141464	313081;20720;39413;24225;70348;35528;	313081;20720;37343.9;21886;67027.5;34980.8;	0.98458;0.991368;0.985201;0.981176;0.968944;0.990374;
./tmp//tQC_NA_NA_2.mzML.dia	P02100;P69891;P69892	P02100;P69891;P69892	HBE_HUMAN;HBG1_HUMAN;HBG2_HUMAN	HBE1;HBG1;HBG2	8008.94	8008.94	8008.94	8008.94			LHVDPENFK	LHVDPENFK	LHVDPENFK2	2	0.277727	0.428571	0	8008.94	8008.94	0	1.70573	1253.5	1.96125	1074.15	0	-0.141844	2.44087	0.274372	2.81462	0.191286	1853;5039;1130;2474;763;1802;	714.472;5039;161.775;1419.29;144.753;529.654;	0.709265;0.942136;0.0572222;0.750218;0.107399;0.416841;
./tmp//tQC_NA_NA_2.mzML.dia	P10643	P10643	CO7_HUMAN	C7	18186.2	18186.2	18186.2	18186.2	18186.2	18186.2	LIDQYGTHYLQSGSLGGEYR	LIDQYGTHYLQSGSLGGEYR	LIDQYGTHYLQSGSLGGEYR3	3	0.00220264	0.0136986	1	5965.46	5965.46	0	2.74817	2349.5	2.76271	2289.49	0	0.622622	4.55127	0.955422	0	-1e+07	985;2451;2694;2256;2607;1599;	979.452;2451;2535.01;2029.15;1376.26;985.256;	0.90219;0.923385;0.900594;0.891007;0.663963;0.792783;
./tmp//tQC_NA_NA_2.mzML.dia	P00450	P00450	CERU_HUMAN	CP	71879.6	71879.6	71879.6	71879.6	71879.6	71879.6	LISVDTEHSNIYLQNGPDR	LISVDTEHSNIYLQNGPDR	LISVDTEHSNIYLQNGPDR3	3	0.00220264	0.0136986	1	13309.1	13309.1	0	2.58697	2167.4	2.65127	2022.96	0	0.135042	5.47462	0.955286	0	-1e+07	6288;4966;3265;7525;6047;3752;	6288;3995.7;3025.36;3892.4;3740.63;3253.93;	0.965322;0.955382;0.957528;0.802169;0.866216;0.941149;
./tmp//tQC_NA_NA_2.mzML.dia	P51884	P51884	LUM_HUMAN	LUM	26322.9	26322.9	26322.9	26322.9	26322.9	26322.9	LKEDAVSAAFK	LKEDAVSAAFK	LKEDAVSAAFK2	2	0.00625	0.0136986	1	6437.58	6437.58	0	1.95368	1228.1	1.93513	1253.93	0	0.613777	2.76686	0.94774	0	-1e+07	3609;2142;3335;1662;1320;2568;	3609;1195.85;1632.73;968.234;368.207;955.112;	0.94303;0.69371;0.567434;0.491442;0.236151;0.274754;
./tmp//tQC_NA_NA_2.mzML.dia	P02647	P02647	APOA1_HUMAN	APOA1	1.27836e+06	1.27836e+06	1.27836e+06	1.27836e+06	1.27836e+06	1.27836e+06	LLDNWDSVTSTFSK	LLDNWDSVTSTFSK	LLDNWDSVTSTFSK2	2	0.00220264	0.0136986	1	534618	534618	0	3.46473	3550.9	3.45787	3545.07	0	0.97615	5.83916	0.956152	0	-1e+07	252930;132784;187509;149233;86652;49349;	252930;132754;186251;148934;85517.7;48261.1;	0.975896;0.974548;0.97237;0.975486;0.963515;0.96585;
./tmp//tQC_NA_NA_2.mzML.dia	Q8IUL8	Q8IUL8	CILP2_HUMAN	CILP2	32151.2	32151.2	32151.2	32151.2	32151.2	32151.2	LLESPATALGDIRR	LLESPATALGDIRR	LLESPATALGDIRR3	3	0.677108	0.921053	1	32151.2	32151.2	0	3.09843	2445.5	2.84205	2885.1	0	-0.0943942	2.17754	0.134399	3.03981	0.147856	22554;435;8717;454;16923;834;	20559.2;22.4092;8717;0;2782.19;70.3582;	0.926685;0.317704;0.991273;-0.0643782;-0.0771204;-0.0549386;
./tmp//tQC_NA_NA_2.mzML.dia	P09871	P09871	C1S_HUMAN	C1S	21662.4	21662.4	21662.4	21662.4	21662.4	21662.4	LLEVPEGR	LLEVPEGR	LLEVPEGR2	2	0.00762195	0.0136986	1	21662.4	21662.4	0	2.07355	1430.8	2.12208	1387.21	0	-0.103345	3.9454	0.931005	1.87126	0.244176	12895;40345;6014;3684;178549;3682;	12895;18221.8;6014;2753.44;8153.89;2070.98;	0.930413;0.600307;0.936894;0.726056;0.0900229;0.723511;
./tmp//tQC_NA_NA_2.mzML.dia	A0A075B6H7;A0A0C4DH55;P01624	A0A075B6H7;A0A0C4DH55;P01624	KV315_HUMAN;KV37_HUMAN;KVD07_HUMAN	IGKV3-15;IGKV3-7;IGKV3D-7	170108	170108	170108	170108			LLIYGASTR	LLIYGASTR	LLIYGASTR2	2	0.00220264	1	0	170108	170108	0	2.3334	1717.3	2.37869	1677.3	0	0.241986	4.65544	0.956246	3.69703	0.953876	88370;75038;89063;9159;38211;4552;	88099.5;75038;46357;6970.75;14756.8;1334.01;	0.951842;0.957005;0.794064;0.915559;0.383381;0.480498;
./tmp//tQC_NA_NA_2.mzML.dia	P01023	P01023	A2MG_HUMAN	A2M	171027	171027	171027	171027	171027	171027	LLLQQVSLPELPGEYSMK	LLLQQVSLPELPGEYSMK	LLLQQVSLPELPGEYSMK3	3	0.00220264	0.0136986	1	33475.5	33475.5	0	4.05323	4261.1	4.11859	4233.56	0	-0.0150527	5.74975	0.955986	0	-1e+07	24470;9372;5010;6011;4547;3093;	24470;8826.1;3940.01;5065.49;3487.12;2808.19;	0.980905;0.974091;0.975226;0.97465;0.969663;0.964676;
./tmp//tQC_NA_NA_2.mzML.dia	P06727	P06727	APOA4_HUMAN	APOA4	59703.7	59703.7	59703.7	59703.7	59703.7	59703.7	LLPHANEVSQK	LLPHANEVSQK	LLPHANEVSQK2	2	0.00220264	0.0136986	1	13177	13177	0	1.38727	924.4	1.41131	922.196	0	0.120245	4.40807	0.955403	3.4769	0.120948	9460;2162;2050;2360;1857;2104;	8897.62;1919.39;1766.22;2360;786.053;605.89;	0.865942;0.837415;0.824706;0.925975;0.642471;0.562991;
./tmp//tQC_NA_NA_2.mzML.dia	P02790	P02790	HEMO_HUMAN	HPX	304223	304223	304223	304223	304223	304223	LLQDEFPGIPSPL	LLQDEFPGIPSPL	LLQDEFPGIPSPL2	2	0.154545	0.0136986	1	7939.22	7939.22	0	4.49807	4399.6	4.55175	4372.07	0	0.2901	2.97104	0.380829	2.33616	0.195297	2750;3102;2613;985;1937;3231;	1477.2;970.712;1238.13;247.554;774.625;3231;	0.644276;0.0236585;0.472819;0.201517;0.527023;0.913251;
./tmp//tQC_NA_NA_2.mzML.dia	P0DMV8;P0DMV9	P0DMV8;P0DMV9	HS71A_HUMAN;HS71B_HUMAN	HSPA1A;HSPA1B	22614.1	22614.1	22614.1	22614.1			LLQDFFNGR	LLQDFFNGR	LLQDFFNGR2	2	0.056582	1	0	22614.1	22614.1	0	3.1614	2889.4	3.08503	2993.66	0	0.61206	2.59567	0.58625	2.75041	0.141036	4338;5732;7841;3594;11471;4987;	2040.89;2001.54;4464.25;2498.84;6621.57;4987;	0.0824314;-0.00866911;0.67628;0.740174;0.762276;0.928038;
./tmp//tQC_NA_NA_2.mzML.dia	P04264	P04264	K2C1_HUMAN	KRT1	15216.4	15216.4	15216.4	15216.4	15216.4	15216.4	LLRDYQELM(UniMod:35)NTK	LLRDYQELMNTK	LLRDYQELM(UniMod:35)NTK3	3	0.518852	0.338983	1	24662.6	24662.6	0	2.07485	1221.8	1.92835	1388.36	0	0	2.76725	0.169992	0	-1e+07	2226;4048;5950;7046;15404;3921;	691.422;916.52;2164.64;3888.61;13080.4;3921;	0.245273;0.0674813;0.0793407;0.586248;0.793857;0.959086;
./tmp//tQC_NA_NA_2.mzML.dia	P04264	P04264	K2C1_HUMAN	KRT1	15216.4	15216.4	15216.4	15216.4	15216.4	15216.4	LLRDYQELMNTK	LLRDYQELMNTK	LLRDYQELMNTK3	3	0.84646	0.338983	1	35765.3	35765.3	0	2.25983	1906.5	2.5069	1565.25	0	0.00324775	1.94072	0.110534	0	-1e+07	4067;4250;55322;10413;21117;5360;	755.917;785.823;14629.9;10413;8617.37;563.357;	0.117237;-0.189883;0.284136;0.964244;0.377504;-0.0161341;
./tmp//tQC_NA_NA_2.mzML.dia	P02042;P02100;P68871;P69891;P69892	P02042;P02100;P68871;P69891;P69892	HBB_HUMAN;HBD_HUMAN;HBE_HUMAN;HBG1_HUMAN;HBG2_HUMAN	HBB;HBD;HBE1;HBG1;HBG2	33556.7	33556.7	33556.7	33556.7			LLVVYPWTQ	LLVVYPWTQ	LLVVYPWTQ2	2	0.605816	0.0136986	0	8686.66	8686.66	0	4.27132	4275.4	4.16152	4317.63	0	0.0529504	3.15567	0.14692	0	-1e+07	3864;799;3528;1929;384;1797;	3864;101.227;2939.16;602.14;115.065;1281.36;	0.971313;0.193139;0.856938;0.225356;0.487841;0.797789;
./tmp//tQC_NA_NA_2.mzML.dia	P02042;P02100;P68871;P69891;P69892	P02042;P02100;P68871;P69891;P69892	HBB_HUMAN;HBD_HUMAN;HBE_HUMAN;HBG1_HUMAN;HBG2_HUMAN	HBB;HBD;HBE1;HBG1;HBG2	33556.7	33556.7	33556.7	33556.7			LLVVYPWTQR	LLVVYPWTQR	LLVVYPWTQR2	2	0.00220264	0.0136986	0	33556.7	33556.7	0	3.5093	3709.1	3.52678	3637.71	0	0.625634	4.77095	0.956566	0	-1e+07	15596;10905;10133;7432;8131;6456;	15445.8;10905;8806.4;7205.84;7835.91;1675.66;	0.950459;0.974281;0.943476;0.978733;0.948859;0.47424;
./tmp//tQC_NA_NA_2.mzML.dia	Q6UXB8	Q6UXB8	PI16_HUMAN	PI16	7158.17	7158.17	7158.17	7158.17	7158.17	7158.17	LM(UniMod:35)VELHNLYR	LMVELHNLYR	LM(UniMod:35)VELHNLYR2	2	0.309609	0.196262	1	8593.73	8593.73	0	2.42448	1992.3	2.58418	1830.19	0	-0.104887	2.50584	0.252105	1.91992	0.164522	1856;3401;6180;3407;2449;1368;	1856;2553.34;742.155;3042.89;1765.99;399.336;	0.916188;0.725067;-0.0615698;0.861398;0.743712;0.318594;
./tmp//tQC_NA_NA_2.mzML.dia	P31948	P31948	STIP1_HUMAN	STIP1	1569.88	1569.88	1569.88	1569.88	1569.88	1569.88	LMDVGLIAIR	LMDVGLIAIR	LMDVGLIAIR2	2	0.677368	0.921053	1	1569.88	1569.88	0	3.53138	3743.5	3.54528	3681.4	0	0.0652318	1.93242	0.134299	1.97011	0.100336	927;903;4757;470;506;1070;	420.785;174.757;407.449;470;0;96.8902;	0.450343;0.13647;-0.0850883;0.81088;-0.0532722;0.30924;
./tmp//tQC_NA_NA_2.mzML.dia					3.49289e+06	3.49289e+06					LMIIVPTDTQNIFFMSK	LMIIVPTDTQNIFFMSK	LMIIVPTDTQNIFFMSK3	3	0.0353659	1	0	18710.8	18710.8	0	4.4351	4384.2	4.50428	4357.42	0	0.0647863	4.60043	0.693054	4.11415	0.145297	15556;6267;1631;4893;8128;8034;	5314.51;6267;904.791;3935.2;2112.75;2289.29;	0.714812;0.979363;0.553997;0.831898;0.60828;0.704437;
./tmp//tQC_NA_NA_2.mzML.dia	Q6UXB8	Q6UXB8	PI16_HUMAN	PI16	7158.17	7158.17	7158.17	7158.17	7158.17	7158.17	LMVELHNLYR	LMVELHNLYR	LMVELHNLYR2	2	0.0679502	0.196262	1	21815.5	21815.5	0	2.90502	2350.3	2.76332	2610.71	0	0.867161	3.32097	0.551912	0	-1e+07	6234;8080;4660;5239;4216;3462;	6234;7446.41;2100.54;3744.94;3424.26;2289.63;	0.985291;0.914929;0.433375;0.78163;0.856079;0.741843;
./tmp//tQC_NA_NA_2.mzML.dia	P01031	P01031	CO5_HUMAN	C5	12429.9	12429.9	12429.9	12429.9	12429.9	12429.9	LNLVATPLFLKPGIPYPIK	LNLVATPLFLKPGIPYPIK	LNLVATPLFLKPGIPYPIK3	3	0.00625	0.0136986	1	12429.9	12429.9	0	4.12767	4290.4	4.20781	4268.01	0	0.912874	4.90985	0.944734	2.55237	0.249456	4030;2088;1761;7584;6558;1987;	4030;2031.96;1679.86;3862.78;6367.91;1552.33;	0.980195;0.949513;0.939433;0.667689;0.945849;0.85233;
./tmp//tQC_NA_NA_2.mzML.dia	P0C0L4;P0C0L5	P0C0L4;P0C0L5	CO4A_HUMAN;CO4B_HUMAN	C4A;C4B	101288	101288	101288	101288			LNMGITDLQGLR	LNMGITDLQGLR	LNMGITDLQGLR2	2	0.00220264	0.0136986	0	15746	15746	0	3.25118	3240.5	3.2784	3159.96	0	0.983405	5.73768	0.956542	2.59725	0.127212	33853;20634;29744;6908;8700;8112;	33853;20619.6;15746;6501.66;8321.14;7388.22;	0.963072;0.963392;0.790232;0.946973;0.964614;0.96775;
./tmp//tQC_NA_NA_2.mzML.dia	P04040	P04040	CATA_HUMAN	CAT	3618.64	3618.64	3618.64	3618.64	3618.64	3618.64	LNVITVGPR	LNVITVGPR	LNVITVGPR2	2	0.0448642	0.166667	1	4209	4209	0	2.45628	1863.2	2.46874	1868.96	0	-0.16178	3.37416	0.610958	2.53591	0.221212	7777;5882;4209;812;3277;2777;	5309.49;5417.94;4209;79.4922;2586.1;434.559;	0.710871;0.910031;0.955653;-0.0591202;0.812569;-0.0440991;
./tmp//tQC_NA_NA_2.mzML.dia	P02774	P02774	VTDB_HUMAN	GC	53475.6	53475.6	53475.6	53475.6	53475.6	53475.6	LPDATPTELAK	LPDATPTELAK	LPDATPTELAK2	2	0.0144547	0.0136986	1	0	0	0	2.18757	1549.8	2.24179	1475.96	0	0.675936	2.81746	0.82139	3.015	0.157732	7433;3709;1525;1804;7416;1748;	7397.58;2983.52;0;0;7416;0;	0.966651;0.944221;0.0645874;-0.0189861;0.979086;-0.0256681;
./tmp//tQC_NA_NA_2.mzML.dia	P01008	P01008	ANT3_HUMAN	SERPINC1	262560	262560	262560	262560	262560	262560	LPGIVAEGR	LPGIVAEGR	LPGIVAEGR2	2	0.00625	0.0136986	1	4361.98	4361.98	0	2.11055	1483.7	2.17454	1416.58	0	0.127033	3.13351	0.947597	2.02826	0.0992452	4149;1713;5639;8058;1251;19168;	2257.52;1713;1071.28;1345.92;391.458;758.822;	0.875186;0.959573;0.138328;0.328553;0.548725;-0.125158;
./tmp//tQC_NA_NA_2.mzML.dia	P01008	P01008	ANT3_HUMAN	SERPINC1	262560	262560	262560	262560	262560	262560	LPGIVAEGRDDLYVSDAFHK	LPGIVAEGRDDLYVSDAFHK	LPGIVAEGRDDLYVSDAFHK3	3	0.496284	0.0136986	1	32510.8	32510.8	0	2.92038	2877.4	3.07454	2644.64	0	0.106745	2.67374	0.176779	1.95245	0.18338	7166;15701;1050;15625;690;3957;	1089.61;15701;65.7777;15625;29.3922;2138.38;	0.307823;0.9402;-0.092239;0.928732;-0.0714729;0.538924;
./tmp//tQC_NA_NA_2.mzML.dia	P01008	P01008	ANT3_HUMAN	SERPINC1	262560	262560	262560	262560	262560	262560	LPGIVAEGRDDLYVSDAFHK	LPGIVAEGRDDLYVSDAFHK	LPGIVAEGRDDLYVSDAFHK4	4	0.0085592	0.0136986	1	262560	262560	0	3.13673	2854.4	3.05436	2941.52	0	-0.0998817	3.56867	0.920881	1.74309	0.114262	146445;20132;2538;2864;8532;97720;	146199;18640.6;548.813;1316.52;1631.41;97720;	0.981189;0.960762;0.287575;0.235023;0.169543;0.99215;
./tmp//tQC_NA_NA_2.mzML.dia	O14498	O14498	ISLR_HUMAN	ISLR	12308.2	12308.2	12308.2	12308.2	12308.2	12308.2	LPGLPEGAFR	LPGLPEGAFR	LPGLPEGAFR2	2	0.115505	0.357724	1	12308.2	12308.2	0	2.79057	2680.3	2.93921	2391.25	0	-0.104645	1.91687	0.429908	1.823	0.0865727	10428;4643;15692;2151;1775;1402;	9232.5;849.89;450.302;192.463;181.024;1402;	0.941828;-0.0360099;-0.185474;-0.104819;-0.14755;0.963451;
./tmp//tQC_NA_NA_2.mzML.dia	P07358	P07358	CO8B_HUMAN	C8B	11169.4	11169.4	11169.4	11169.4	11169.4	11169.4	LPLEYSYGEYR	LPLEYSYGEYR	LPLEYSYGEYR2	2	0.0781759	0.0136986	1	13207.4	13207.4	0	2.75877	2234	2.6861	2317.13	0	0.478563	3.45546	0.484517	3.14131	0.49406	2325;2289;13243;3269;2813;3286;	1749.88;1269.75;3973.4;883.355;2813;2518.03;	0.776453;0.710061;0.133642;-0.0684348;0.957003;0.705747;
./tmp//tQC_NA_NA_2.mzML.dia	P01023	P01023	A2MG_HUMAN	A2M	171027	171027	171027	171027	171027	171027	LPPNVVEESAR	LPPNVVEESAR	LPPNVVEESAR2	2	0.00220264	0.0136986	1	171027	171027	0	1.94178	1310	2.01417	1242.13	0	0.980685	5.80169	0.956029	0	-1e+07	91715;64998;14542;12160;7551;7135;	91715;64962.2;14349.8;11239.1;6627.24;5706.71;	0.986994;0.983938;0.981346;0.977186;0.949576;0.950302;
./tmp//tQC_NA_NA_2.mzML.dia					3.49289e+06	3.49289e+06					LPPTSAHGNVAEGETKPDPDVTER	LPPTSAHGNVAEGETKPDPDVTER	LPPTSAHGNVAEGETKPDPDVTER3	3	0.00220264	1	0	51608.5	51608.5	0	1.77563	1037.4	1.64402	1114.42	0	-0.0302396	5.33591	0.956329	1.44709	0.144041	28101;19195;4579;7764;1806;5704;	28101;19195;4312.52;7379.37;1572.96;1828.91;	0.958166;0.978029;0.97361;0.943237;0.939965;0.63478;
./tmp//tQC_NA_NA_2.mzML.dia					3.49289e+06	3.49289e+06					LPPTSAHGNVAEGETKPDPDVTER	LPPTSAHGNVAEGETKPDPDVTER	LPPTSAHGNVAEGETKPDPDVTER4	4	0.00220264	1	0	15134.1	15134.1	0	1.64668	1048.2	1.6651	1042.94	0	0.876603	4.62819	0.954246	0	-1e+07	6739;7291;1998;1275;999;1890;	6638.84;7291;1693.2;1204.29;856.548;1669.02;	0.978199;0.98942;0.848345;0.907527;0.812221;0.882128;
./tmp//tQC_NA_NA_2.mzML.dia	P51884	P51884	LUM_HUMAN	LUM	26322.9	26322.9	26322.9	26322.9	26322.9	26322.9	LPSGLPVSLLTLYLDNNK	LPSGLPVSLLTLYLDNNK	LPSGLPVSLLTLYLDNNK3	3	0.00220264	0.0136986	1	7750.48	7750.48	0	4.71832	4480.1	4.79992	4435.9	0	-0.0869626	4.86178	0.954505	0	-1e+07	3483;2183;2212;2407;2135;2117;	3483;2065.27;1961.22;2306.26;2000.62;2014.42;	0.980777;0.843477;0.873456;0.903584;0.866212;0.870893;
./tmp//tQC_NA_NA_2.mzML.dia					3.49289e+06	3.49289e+06					LPSLAADFVESK	LPSLAADFVESK	LPSLAADFVESK2	2	0.00220264	1	0	39773.6	39773.6	0	3.25032	3169	3.24661	3158.55	0	0.95747	5.04037	0.95535	0	-1e+07	11539;17360;18171;10924;12267;17996;	11489.6;17360;14348.7;10924;10306.3;6828.85;	0.953292;0.946855;0.738983;0.97393;0.871391;0.2496;
./tmp//tQC_NA_NA_2.mzML.dia	P49908	P49908	SEPP1_HUMAN	SELENOP	5979.01	5979.01	5979.01	5979.01	5979.01	5979.01	LPTDSELAPR	LPTDSELAPR	LPTDSELAPR2	2	0.00220264	0.0136986	1	5979.01	5979.01	0	1.98938	1344.9	2.04488	1292.01	0	0.0902809	4.34303	0.954226	0	-1e+07	2950;2757;1639;1826;1177;669;	2950;2476.36;1246.91;1026.71;710.022;552.646;	0.926386;0.908731;0.858027;0.613763;0.669895;0.884084;
./tmp//tQC_NA_NA_2.mzML.dia	P01031	P01031	CO5_HUMAN	C5	12429.9	12429.9	12429.9	12429.9	12429.9	12429.9	LQGTLPVEAR	LQGTLPVEAR	LQGTLPVEAR2	2	0.00220264	0.0136986	1	8929.29	8929.29	0	2.03872	1463	2.15365	1351.48	0	0.00946879	5.23881	0.955191	0	-1e+07	4410;4100;1537;756;1256;1070;	4410;3688.9;915.343;572.096;671.985;830.385;	0.952999;0.944027;0.912331;0.918524;0.802193;0.924621;
./tmp//tQC_NA_NA_2.mzML.dia	P01009	P01009	A1AT_HUMAN	SERPINA1	589664	589664	589664	589664	589664	589664	LQHLENELTHDIITK	LQHLENELTHDIITK	LQHLENELTHDIITK3	3	0.00220264	0.0136986	1	48862.2	48862.2	0	2.55842	1973	2.57131	1970.99	0	0.989307	5.9072	0.956407	2.32399	0.131691	28024;13930;12071;10204;10084;11722;	28024;13454.5;11503.8;9261.19;9564.33;11273.8;	0.991349;0.985263;0.978895;0.983206;0.992928;0.987232;
./tmp//tQC_NA_NA_2.mzML.dia	P01008	P01008	ANT3_HUMAN	SERPINC1	262560	262560	262560	262560	262560	262560	LQPLDFKENAEQSR	LQPLDFKENAEQSR	LQPLDFKENAEQSR2	2	0.00220264	0.0136986	1	4131.96	4131.96	0	2.24427	1528.2	2.21997	1543.31	0	0.419166	4.09781	0.955745	0	-1e+07	4933;1844;1276;1291;5748;1514;	2929.01;1716.05;1276;636.054;1914.32;1139.92;	0.787694;0.948506;0.940322;0.793152;0.497476;0.878615;
./tmp//tQC_NA_NA_2.mzML.dia	P01008	P01008	ANT3_HUMAN	SERPINC1	262560	262560	262560	262560	262560	262560	LQPLDFKENAEQSR	LQPLDFKENAEQSR	LQPLDFKENAEQSR3	3	0.00220264	0.0136986	1	6985.89	6985.89	0	2.2488	1530.9	2.22271	1549.63	0	0.0214455	4.55967	0.956259	0	-1e+07	47298;4873;3240;1370;972;9155;	14211.5;4873;2905.34;1261.19;851.699;3780.59;	0.272768;0.981999;0.866533;0.880337;0.900822;0.66003;
./tmp//tQC_NA_NA_2.mzML.dia	P12111	P12111	CO6A3_HUMAN	COL6A3	6324.39	6324.39	6324.39	6324.39	6324.39	6324.39	LQPVLQPLPSPGVGGK	LQPVLQPLPSPGVGGK	LQPVLQPLPSPGVGGK2	2	0.0790043	0.0531915	1	5403.8	5403.8	0	3.082	2946.3	3.13232	2867.77	0	0	1.89789	0.482997	2.00198	0.133151	2455;2430;2606;260;1436;2029;	1255.51;653.564;962.917;39.9456;462.871;2029;	0.651392;0.177183;0.202315;0.0246314;0.16826;0.957418;
./tmp//tQC_NA_NA_2.mzML.dia	P36955	P36955	PEDF_HUMAN	SERPINF1	11727.3	11727.3	11727.3	11727.3	11727.3	11727.3	LQSLFDSPDFSK	LQSLFDSPDFSK	LQSLFDSPDFSK2	2	0.0457746	0.0136986	1	21435.5	21435.5	0	3.1534	2940.1	3.12748	2975.97	0	0.14281	4.47614	0.605851	2.65905	0.301732	3954;5834;6421;3944;4009;2200;	3954;5834;3846.43;2694.74;3970.54;1135.74;	0.921649;0.981407;0.555443;0.685753;0.898309;0.596616;
./tmp//tQC_NA_NA_2.mzML.dia	P69905	P69905	HBA_HUMAN	HBA1	26062.1	26062.1	26062.1	26062.1	26062.1	26062.1	LRVDPVNFK	LRVDPVNFK	LRVDPVNFK2	2	0.304387	0.0136986	1	151378	151378	0	2.49502	1609.6	2.29907	1902.97	0	-0.262656	4.95494	0.256141	4.33414	0.323477	3654;11186;108596;9419;20323;3033;	3415.84;10780.4;108596;6667.42;20323;1595.38;	0.848202;0.82726;0.844388;0.764389;0.984038;0.691431;
./tmp//tQC_NA_NA_2.mzML.dia	P10643	P10643	CO7_HUMAN	C7	18186.2	18186.2	18186.2	18186.2	18186.2	18186.2	LSGNVLSYTFQVK	LSGNVLSYTFQVK	LSGNVLSYTFQVK2	2	0.00220264	0.0136986	1	9978.46	9978.46	0	3.32692	3316.5	3.3194	3279.45	0	0.592363	4.37809	0.956525	0	-1e+07	3818;4536;3121;3137;2114;3782;	3818;3718.31;1296.05;1219.04;919.069;2442.15;	0.958002;0.939199;0.636155;0.747403;0.726733;0.900837;
./tmp//tQC_NA_NA_2.mzML.dia	P35858	P35858	ALS_HUMAN	IGFALS	11092.5	11092.5	11092.5	11092.5	11092.5	11092.5	LSHNAIASLRPR	LSHNAIASLRPR	LSHNAIASLRPR2	2	0.688853	0.0136986	1	1632.56	1632.56	0	1.63565	1045.2	1.65928	1037.34	0	0	2.27256	0.132744	2.89936	0.278439	1629;129;1016;1502;353;218;	359.576;0;653.868;266.113;353;0;	0.0888545;-0.00457462;0.687203;0.0150603;0.849701;0.172815;
./tmp//tQC_NA_NA_2.mzML.dia	P51884	P51884	LUM_HUMAN	LUM	26322.9	26322.9	26322.9	26322.9	26322.9	26322.9	LSHNELADSGIPGN	LSHNELADSGIPGN	LSHNELADSGIPGN2	2	0.0106242	0.0136986	1	9245.1	9245.1	0	2.09325	1385.7	2.08066	1403.57	0	0.235041	1.54648	0.850653	1.72036	0.10669	7767;553;532;944;3028;2290;	7767;0;0;67.3972;896.841;513.864;	0.969116;-0.0725151;-0.2307;0.00519668;0.450689;0.470929;
./tmp//tQC_NA_NA_2.mzML.dia	P01024	P01024	CO3_HUMAN	C3	153839	153839	153839	153839	153839	153839	LSINTHPSQKPL	LSINTHPSQKPL	LSINTHPSQKPL2	2	0.0167526	0.0136986	1	4308.66	4308.66	0	1.94395	1238	1.94553	1244.25	0	0.391887	2.02929	0.792187	0	-1e+07	925;2473;6710;1538;1335;1371;	925;728.072;1438.82;444.525;375.49;396.755;	0.943533;0.128491;0.135689;0.0945722;0.082165;0.208276;
./tmp//tQC_NA_NA_2.mzML.dia	P01024	P01024	CO3_HUMAN	C3	153839	153839	153839	153839	153839	153839	LSINTHPSQKPLSITVR	LSINTHPSQKPLSITVR	LSINTHPSQKPLSITVR3	3	0.00220264	0.0136986	1	50818.4	50818.4	0	2.3373	1774.2	2.41107	1683.59	0	0.993145	4.61764	0.956002	1.50255	0.112105	30655;10658;10426;12044;16294;9509;	30655;10402.9;9879.54;11717.1;15629.1;8446.33;	0.978531;0.968855;0.970226;0.976845;0.967973;0.982001;
./tmp//tQC_NA_NA_2.mzML.dia	P01024	P01024	CO3_HUMAN	C3	153839	153839	153839	153839	153839	153839	LSINTHPSQKPLSITVR	LSINTHPSQKPLSITVR	LSINTHPSQKPLSITVR4	4	0.00220264	0.0136986	1	143474	143474	0	2.33297	1635	2.3211	1676.6	0	0.962741	4.22368	0.954962	2.49884	0.0945298	68993;44111;47111;61854;27586;96768;	68982.3;37761.5;46905.6;22534.2;27586;16238.1;	0.977152;0.957536;0.980386;0.203472;0.967505;-0.0376218;
./tmp//tQC_NA_NA_2.mzML.dia	P01009	P01009	A1AT_HUMAN	SERPINA1	589664	589664	589664	589664	589664	589664	LSITGTYDLK	LSITGTYDLK	LSITGTYDLK2	2	0.00220264	0.0136986	1	589664	589664	0	2.64343	2180.8	2.65778	2111.65	0	0.992337	5.71753	0.956333	1.72924	0.405794	372526;211092;136609;141966;77818;77673;	371356;195221;136562;141966;55847.7;76342.4;	0.958466;0.949565;0.95556;0.961296;0.922253;0.962518;
./tmp//tQC_NA_NA_2.mzML.dia	P04003	P04003	C4BPA_HUMAN	C4BPA	30615.3	30615.3	30615.3	30615.3	30615.3	30615.3	LSLEIEQLELQR	LSLEIEQLELQR	LSLEIEQLELQR2	2	0.00220264	0.0136986	1	16633.1	16633.1	0	3.42602	3609.2	3.48208	3460.23	0	0.801933	5.27219	0.956444	2.1771	0.142559	7396;6238;3839;4951;6827;4962;	7396;5882.81;3354.28;3966.04;2332.11;4309.33;	0.950955;0.969239;0.972164;0.908662;0.705058;0.939192;
./tmp//tQC_NA_NA_2.mzML.dia	P22792	P22792	CPN2_HUMAN	CPN2	9137.33	9137.33	9137.33	9137.33	9137.33	9137.33	LSNNALSGLPQGVFGK	LSNNALSGLPQGVFGK	LSNNALSGLPQGVFGK2	2	0.00220264	0.0136986	1	9137.33	9137.33	0	3.26698	3293.7	3.30598	3185.3	0	-0.127766	3.69248	0.955411	2.28885	0.230005	4112;3990;2911;2346;2378;15274;	4112;3441.99;1558.2;1278.64;1583.33;1926.62;	0.982597;0.916026;0.669701;0.776722;0.810017;-0.206323;
./tmp//tQC_NA_NA_2.mzML.dia	P02748	P02748	CO9_HUMAN	C9	16717.4	16717.4	16717.4	16717.4	16717.4	16717.4	LSPIYNLVPVK	LSPIYNLVPVK	LSPIYNLVPVK2	2	0.00220264	0.0136986	1	14773.6	14773.6	0	3.41022	3574	3.46757	3427.13	0	0.959076	5.73986	0.956692	0	-1e+07	5558;7589;6031;2224;1924;1806;	5159.18;7589;6019.77;2025.41;1665.96;1403.95;	0.968947;0.98493;0.961797;0.973915;0.953537;0.934229;
./tmp//tQC_NA_NA_2.mzML.dia	P02647	P02647	APOA1_HUMAN	APOA1	1.27836e+06	1.27836e+06	1.27836e+06	1.27836e+06	1.27836e+06	1.27836e+06	LSPLGEEM(UniMod:35)R	LSPLGEEMR	LSPLGEEM(UniMod:35)R2	2	0.00625	0.0136986	1	265464	265464	0	1.75463	1133.2	1.81457	1101.89	0	0.666555	5.55524	0.943154	1.92759	0.164937	91322;166941;13579;17353;16210;6561;	91322;160563;13579;15399.5;9167.35;2796.23;	0.971362;0.960656;0.968469;0.944076;0.753805;0.642105;
./tmp//tQC_NA_NA_2.mzML.dia	P02647	P02647	APOA1_HUMAN	APOA1	1.27836e+06	1.27836e+06	1.27836e+06	1.27836e+06	1.27836e+06	1.27836e+06	LSPLGEEMR	LSPLGEEMR	LSPLGEEMR2	2	0.00220264	0.0136986	1	1.18063e+06	1.18063e+06	0	2.23517	1538.2	2.23011	1530.8	0	0.978544	5.79287	0.956312	2.56246	0.230328	808222;425435;331623;176241;46658;36870;	805277;425435;329719;174106;45636.4;31473.3;	0.979627;0.958712;0.962936;0.962181;0.964308;0.952237;
./tmp//tQC_NA_NA_2.mzML.dia	P43251	P43251	BTD_HUMAN	BTD	4259.04	4259.04	4259.04	4259.04	4259.04	4259.04	LSSGLVTAALYGR	LSSGLVTAALYGR	LSSGLVTAALYGR2	2	0.00625	0.025	1	4259.04	4259.04	0	3.12743	2947.2	3.13301	2925.21	0	0.196007	2.58745	0.935041	0	-1e+07	4649;2169;2182;4249;3500;651;	2979.47;2169;1660.32;868.014;1235.65;429.719;	0.309268;0.932868;0.641884;-0.00638738;0.255554;0.640449;
./tmp//tQC_NA_NA_2.mzML.dia	P00761	P00761	TRYP_PIG		53336.8	53336.8					LSSPATLNSR	LSSPATLNSR	LSSPATLNSR2	2	0.00220264	1	1	35529.6	35529.6	0	1.61898	1056.6	1.68124	1029.01	0	0.482154	5.88578	0.956042	0	-1e+07	17853;23217;16430;10126;9345;7578;	17853;23217;16026.7;8792.22;8884.34;6411.36;	0.989338;0.972051;0.982385;0.986122;0.987829;0.965199;
./tmp//tQC_NA_NA_2.mzML.dia	P00747	P00747	PLMN_HUMAN	PLG	47486.4	47486.4	47486.4	47486.4	47486.4	47486.4	LSSPAVITDK	LSSPAVITDK	LSSPAVITDK2	2	0.00220264	0.0136986	1	23043.9	23043.9	0	1.92687	1311.2	2.01524	1227.95	0	0.741546	5.2444	0.954433	3.45312	0.132441	13408;30021;11847;8127;12576;4659;	12939.9;10863.4;10990.1;8127;12414.2;3926.75;	0.943354;0.23302;0.96427;0.984139;0.950038;0.957246;
./tmp//tQC_NA_NA_2.mzML.dia	P01009	P01009	A1AT_HUMAN	SERPINA1	589664	589664	589664	589664	589664	589664	LSSWVLLM(UniMod:35)K	LSSWVLLMK	LSSWVLLM(UniMod:35)K2	2	0.00364299	0.0136986	1	3474.1	3474.1	0	3.16097	2955.9	3.13961	2992.72	0	0.148044	3.01489	0.950102	2.17536	0.102281	1966;3468;1613;3915;1945;1545;	1139.97;1485.8;1613;1560.24;721.138;671.866;	0.720025;0.159243;0.932466;0.0827657;0.560436;0.519364;
./tmp//tQC_NA_NA_2.mzML.dia	P01009	P01009	A1AT_HUMAN	SERPINA1	589664	589664	589664	589664	589664	589664	LSSWVLLMK	LSSWVLLMK	LSSWVLLMK2	2	0.00220264	0.0136986	1	139164	139164	0	3.65427	3744.1	3.54563	3895.98	0	0.986398	5.77105	0.956293	2.87889	0.332748	61370;47048;31026;22095;23154;18532;	61370;46839.5;30954.2;21465;22717.2;17160.1;	0.963126;0.970913;0.961511;0.956342;0.945145;0.952119;
./tmp//tQC_NA_NA_2.mzML.dia	O75882	O75882	ATRN_HUMAN	ATRN	3294.94	3294.94	3294.94	3294.94	3294.94	3294.94	LTGSSGFVTDGPGNYK	LTGSSGFVTDGPGNYK	LTGSSGFVTDGPGNYK2	2	0.00220264	0.0136986	1	3294.94	3294.94	0	2.2434	1558.5	2.25046	1542.11	0	0.0938308	3.7221	0.955364	0	-1e+07	3552;1540;1835;1079;1202;726;	1315.05;1540;725.914;832.528;922.409;493.477;	0.219712;0.950618;0.761489;0.793574;0.780179;0.691124;
./tmp//tQC_NA_NA_2.mzML.dia	P04114	P04114	APOB_HUMAN	APOB	43710.3	43710.3	43710.3	43710.3	43710.3	43710.3	LTISEQNIQR	LTISEQNIQR	LTISEQNIQR2	2	0.00220264	0.0136986	1	6905.72	6905.72	0	1.96645	1288.5	1.99468	1267.07	0	0.906358	5.10641	0.955472	1.9279	0.125511	4476;1936;2727;1636;822;1721;	4283.79;1936;1546.94;1363.62;685.927;1013.57;	0.959032;0.980967;0.884023;0.883543;0.940798;0.776707;
./tmp//tQC_NA_NA_2.mzML.dia	Q15582	Q15582	BGH3_HUMAN	TGFBI	4596.78	4596.78	4596.78	4596.78	4596.78	4596.78	LTLLAPLNSVFK	LTLLAPLNSVFK	LTLLAPLNSVFK2	2	0.00364299	0.0136986	1	4596.78	4596.78	0	4.23735	4315.9	4.28846	4307.71	0	0.211238	3.89587	0.950624	0	-1e+07	2158;1594;1940;1047;995;626;	1984.46;1594;1592.51;1018.32;423.547;322.786;	0.847462;0.948015;0.774251;0.850232;0.621837;0.677697;
./tmp//tQC_NA_NA_2.mzML.dia	P10643	P10643	CO7_HUMAN	C7	18186.2	18186.2	18186.2	18186.2	18186.2	18186.2	LTPLYELVK	LTPLYELVK	LTPLYELVK2	2	0.00364299	0.0136986	1	18186.2	18186.2	0	3.34595	3279.6	3.29821	3310.35	0	-0.110787	3.30391	0.950277	0	-1e+07	10900;6168;7473;6163;1688;2786;	10885.2;6168;3495.17;2254.47;554.806;1133.01;	0.986023;0.983921;0.728385;0.529516;0.662214;0.757587;
./tmp//tQC_NA_NA_2.mzML.dia	P0C0L4;P0C0L5	P0C0L4;P0C0L5	CO4A_HUMAN;CO4B_HUMAN	C4A;C4B	101288	101288	101288	101288			LTVAAPPSGGPGFLSIERPDSRPPR	LTVAAPPSGGPGFLSIERPDSRPPR	LTVAAPPSGGPGFLSIERPDSRPPR4	4	0.00364299	0.0136986	0	22361.4	22361.4	0	2.92968	2805.5	3.01285	2666.69	0	0.74958	5.10182	0.953758	1.39932	0.134716	11959;7650;18975;2360;4460;5469;	11959;6442.54;13592.7;809.444;2958.05;3959.87;	0.990617;0.966038;0.876101;0.731746;0.923952;0.933777;
./tmp//tQC_NA_NA_2.mzML.dia	P02768	P02768	ALBU_HUMAN	ALB	6.02018e+06	6.02018e+06	6.52224e+06	6.52224e+06	6.52224e+06	6.52224e+06	LVAASQAALGL	LVAASQAALGL	LVAASQAALGL2	2	0.0085592	0.0136986	1	1.08131e+06	1.08131e+06	0	3.0861	3138.4	3.23378	2871.82	0	0.449773	5.91793	0.919224	4.63352	0.385913	649863;762446;608899;224200;304680;209801;	649863;756289;608826;221700;300420;209745;	0.990426;0.973443;0.984085;0.988559;0.98589;0.98736;
./tmp//tQC_NA_NA_2.mzML.dia					3.49289e+06	3.49289e+06					LVAVDKGVFVLNK	LVAVDKGVFVLNK	LVAVDKGVFVLNK2	2	0.201369	1	0	6357.93	6357.93	0	3.4987	3431.4	3.39817	3616.22	0	-0.192105	3.65528	0.332662	1.92164	0.0981068	14025;19017;2786;2719;11406;593;	2367.09;2267.34;1605.06;628.77;11406;118.435;	0.575975;0.120491;0.504037;0.265893;0.94792;0.285878;
./tmp//tQC_NA_NA_2.mzML.dia					3.49289e+06	3.49289e+06					LVAVDKGVFVLNKK	LVAVDKGVFVLNKK	LVAVDKGVFVLNKK3	3	0.74741	1	0	9401.17	9401.17	0	3.09843	2834.4	3.037	2885.1	0	0	2.4008	0.12256	2.0501	0.0868281	14918;1203;199;8925;3642;114;	8695.26;620.897;67.8004;573.943;3642;17.2153;	0.565606;0.72306;0.579165;-0.292782;0.970578;0.300936;
./tmp//tQC_NA_NA_2.mzML.dia	P01024	P01024	CO3_HUMAN	C3	153839	153839	153839	153839	153839	153839	LVAYYTLIGASGQR	LVAYYTLIGASGQR	LVAYYTLIGASGQR2	2	0.00220264	0.0136986	1	82607.5	82607.5	0	3.1798	3187.3	3.2544	3032.16	0	0.954656	5.69439	0.955612	0	-1e+07	44281;31551;26096;35917;17172;29493;	42732.5;31551;25112.5;34020.6;17035.9;28088;	0.933568;0.950279;0.942398;0.953195;0.95467;0.94334;
./tmp//tQC_NA_NA_2.mzML.dia	P01024	P01024	CO3_HUMAN	C3	153839	153839	153839	153839	153839	153839	LVAYYTLIGASGQR	LVAYYTLIGASGQR	LVAYYTLIGASGQR3	3	0.00364299	0.0136986	1	34381.9	34381.9	0	3.18477	3077.4	3.20757	3042.08	0	-0.152825	5.49015	0.953485	2.61106	0.158047	66787;17778;16060;15024;10690;9362;	66787;17778;16060;15024;10389.3;8968.63;	0.91602;0.905187;0.951259;0.965786;0.968649;0.971027;
./tmp//tQC_NA_NA_2.mzML.dia	P01023	P01023	A2MG_HUMAN	A2M	171027	171027	171027	171027	171027	171027	LVDGKGVPIPNKVIFIR	LVDGKGVPIPNKVIFIR	LVDGKGVPIPNKVIFIR4	4	0.0085592	0.0136986	1	1752.46	1752.46	0	3.06013	2968.6	3.14881	2848.25	0	0	3.62167	0.916873	0	-1e+07	1130;1557;642;697;505;2790;	1130;387.555;241.91;356.547;265.912;504.835;	0.919684;0.210659;0.672957;0.785517;0.737341;0.0497254;
./tmp//tQC_NA_NA_2.mzML.dia	P01009	P01009	A1AT_HUMAN	SERPINA1	589664	589664	589664	589664	589664	589664	LVDKFLEDVK	LVDKFLEDVK	LVDKFLEDVK2	2	0.00220264	0.0136986	1	11549.9	11549.9	0	2.60775	2067.8	2.61651	2059.67	0	0.718103	4.14106	0.955394	2.59113	0.398229	4357;3788;3960;1885;4084;1257;	4272.2;3788;3489.68;1534.4;2355.07;1227.34;	0.910995;0.935889;0.918642;0.900896;0.796038;0.870284;
./tmp//tQC_NA_NA_2.mzML.dia	P01009	P01009	A1AT_HUMAN	SERPINA1	589664	589664	589664	589664	589664	589664	LVDKFLEDVKK	LVDKFLEDVKK	LVDKFLEDVKK2	2	0.00220264	0.0136986	1	10408.4	10408.4	0	2.3016	1576.1	2.26771	1627.25	0	0.773872	5.72705	0.956368	1.38025	0.106348	4324;5029;4320;3066;3153;3007;	4083.96;4734.9;2876.31;2660.62;2666.54;3007;	0.971805;0.9847;0.868394;0.954064;0.972959;0.97289;
./tmp//tQC_NA_NA_2.mzML.dia	P01034	P01034	CYTC_HUMAN	CST3	3289.66	3289.66	3289.66	3289.66	3289.66	3289.66	LVGGPMDASVEEEGVRR	LVGGPMDASVEEEGVRR	LVGGPMDASVEEEGVRR3	3	0.0085592	0.045977	1	3289.66	3289.66	0	2.17612	1492.1	2.1831	1465.71	0	0.0577246	3.33183	0.907522	2.35325	0.104444	2427;2332;1709;1860;1922;310;	2427;818.657;559.497;488.569;783.63;79.028;	0.953562;0.157743;0.259023;0.116368;0.549692;0.432272;
./tmp//tQC_NA_NA_2.mzML.dia	P01023	P01023	A2MG_HUMAN	A2M	171027	171027	171027	171027	171027	171027	LVHVEEPHTETVR	LVHVEEPHTETVR	LVHVEEPHTETVR2	2	0.00220264	0.0136986	1	12200.7	12200.7	0	1.58935	992.6	1.55348	1014.54	0	0.792027	5.53721	0.956474	3.87414	0.176468	6452;6028;4960;5125;5257;2636;	6204.96;5780.76;4960;5098.17;4410.2;2142.55;	0.906326;0.893394;0.958302;0.926434;0.903395;0.918892;
./tmp//tQC_NA_NA_2.mzML.dia	P01023	P01023	A2MG_HUMAN	A2M	171027	171027	171027	171027	171027	171027	LVHVEEPHTETVR	LVHVEEPHTETVR	LVHVEEPHTETVR3	3	0.00220264	0.0136986	1	35214.8	35214.8	0	1.58155	993.7	1.55575	1010.79	0	0.975792	5.60821	0.95639	1.83507	0.116439	18228;13396;11587;6042;10262;8713;	18228;11885.1;10911.6;5101.7;6692.65;8128;	0.945246;0.947329;0.920058;0.960561;0.872422;0.917297;
./tmp//tQC_NA_NA_2.mzML.dia	P01023	P01023	A2MG_HUMAN	A2M	171027	171027	171027	171027	171027	171027	LVHVEEPHTETVRK	LVHVEEPHTETVRK	LVHVEEPHTETVRK3	3	0.00625	0.0136986	1	2685.93	2685.93	0	1.38553	879.5	1.31926	921.416	0	0.91336	4.43611	0.949141	0	-1e+07	2021;13262;1526;799;1007;819;	1321.81;979.968;1070.08;799;816.845;528.82;	0.856978;-0.0936892;0.911549;0.973656;0.936272;0.850666;
./tmp//tQC_NA_NA_2.mzML.dia					3.49289e+06	3.49289e+06					LVLSALTSDNHGATYAFSGTHYWR	LVLSALTSDNHGATYAFSGTHYWR	LVLSALTSDNHGATYAFSGTHYWR4	4	0.0085592	1	0	6503.61	6503.61	0	3.33752	3310.8	3.31594	3296.52	0	-0.2438	3.77021	0.921116	0	-1e+07	3323;3812;1329;1190;7025;3135;	2554.2;2620.41;1329;512.606;3285.33;1269.52;	0.838943;0.802598;0.944251;0.532754;0.567114;0.638674;
./tmp//tQC_NA_NA_2.mzML.dia	P02768	P02768	ALBU_HUMAN	ALB	6.02018e+06	6.02018e+06	6.52224e+06	6.52224e+06	6.52224e+06	6.52224e+06	LVNEVTEFAK	LVNEVTEFAK	LVNEVTEFAK2	2	0.00364299	0.0136986	1	2.18677e+06	2.18677e+06	0	2.43422	2153.7	2.64502	1843.76	0	0.961216	5.87681	0.95217	0	-1e+07	1.86899e+06;1.40575e+06;1.12263e+06;726846;62396;321885;	1.69503e+06;1.40191e+06;1.12263e+06;723440;61421.5;321876;	0.950264;0.984109;0.982199;0.984828;0.984498;0.980155;
./tmp//tQC_NA_NA_2.mzML.dia	P02768	P02768	ALBU_HUMAN	ALB	6.02018e+06	6.02018e+06	6.52224e+06	6.52224e+06	6.52224e+06	6.52224e+06	LVNEVTEFAKT	LVNEVTEFAKT	LVNEVTEFAKT2	2	0.406809	0.0136986	1	13726.6	13726.6	0	2.7566	2078.5	2.61981	2311.53	0	0.406627	3.05483	0.208612	2.48565	0.279617	3284;8005;5071;2871;2186;3653;	1367.47;3701.25;2276.86;2871;1345.77;2164.25;	0.393412;0.470669;0.296078;0.934802;0.608295;0.594528;
./tmp//tQC_NA_NA_2.mzML.dia	P0C0L4;P0C0L5	P0C0L4;P0C0L5	CO4A_HUMAN;CO4B_HUMAN	C4A;C4B	101288	101288	101288	101288			LVNGQSHISLSK	LVNGQSHISLSK	LVNGQSHISLSK2	2	0.00625	0.0136986	0	2367.68	2367.68	0	1.59778	1036.3	1.64185	1018.62	0	0.679585	3.29406	0.934743	1.64813	0.163951	1199;698;468;1410;1689;2251;	1199;613.336;74.8125;555.344;564.658;578.24;	0.893647;0.865391;0.160234;0.447006;0.350429;0.220381;
./tmp//tQC_NA_NA_2.mzML.dia	Q9NQ79	Q9NQ79	CRAC1_HUMAN	CRTAC1	7566.07	7566.07	7566.07	7566.07	7566.07	7566.07	LVNIAVDER	LVNIAVDER	LVNIAVDER2	2	0.360104	0.174757	1	16171.2	16171.2	0	2.19817	1567.6	2.25943	1486.3	0	-0.180973	2.20176	0.226224	3.05806	0.563434	3090;5293;1958;3104;5602;7962;	2156.57;4477.57;1958;2332.51;2447.19;2799.36;	0.56489;0.716509;0.923177;0.228761;-0.083656;-0.113603;
./tmp//tQC_NA_NA_2.mzML.dia	P02768	P02768	ALBU_HUMAN	ALB	6.02018e+06	6.02018e+06	6.52224e+06	6.52224e+06	6.52224e+06	6.52224e+06	LVRPEVDVM(UniMod:35)	LVRPEVDVM	LVRPEVDVM(UniMod:35)2	2	0.00220264	0.0136986	1	6737.88	6737.88	0	2.02638	1421.5	2.11327	1336.11	0	0.157559	4.30113	0.955809	0	-1e+07	4045;2241;2535;929;932;1033;	4045;2034.9;1398.55;657.979;362.18;599.067;	0.976337;0.956888;0.828454;0.8858;0.567206;0.788116;
./tmp//tQC_NA_NA_2.mzML.dia	P02768	P02768	ALBU_HUMAN	ALB	6.02018e+06	6.02018e+06	6.52224e+06	6.52224e+06	6.52224e+06	6.52224e+06	LVRPEVDVM(UniMod:35)C(UniMod:4)TAFHDNEETFLKK	LVRPEVDVMCTAFHDNEETFLKK	LVRPEVDVM(UniMod:35)C(UniMod:4)TAFHDNEETFLKK4	4	0.00364299	0.0136986	1	3.61929e+06	3.61929e+06	0	3.1534	3125.5	3.22837	2975.97	0	-0.271774	5.86207	0.951864	4.33268	0.131679	2.5769e+06;862140;181099;4901;170927;448312;	2.5769e+06;862140;180252;4114.38;160902;448312;	0.992755;0.992116;0.987173;0.922379;0.969778;0.980533;
./tmp//tQC_NA_NA_2.mzML.dia	P02768	P02768	ALBU_HUMAN	ALB	6.02018e+06	6.02018e+06	6.52224e+06	6.52224e+06	6.52224e+06	6.52224e+06	LVRPEVDVM(UniMod:35)C(UniMod:4)TAFHDNEETFLKK	LVRPEVDVMCTAFHDNEETFLKK	LVRPEVDVM(UniMod:35)C(UniMod:4)TAFHDNEETFLKK5	5	0.00364299	0.0136986	1	2.03846e+06	2.03846e+06	0	3.18607	3169.1	3.24665	3044.64	0	0.311081	5.87725	0.953453	3.66038	0.333311	1.55746e+06;1.28172e+06;378248;508721;161452;202245;	1.49882e+06;1.25689e+06;378194;499372;161452;198186;	0.969523;0.962943;0.985141;0.962032;0.991139;0.9619;
./tmp//tQC_NA_NA_2.mzML.dia	P02768	P02768	ALBU_HUMAN	ALB	6.02018e+06	6.02018e+06	6.52224e+06	6.52224e+06	6.52224e+06	6.52224e+06	LVRPEVDVM	LVRPEVDVM	LVRPEVDVM2	2	0.00220264	0.0136986	1	736223	736223	0	2.55625	2093.6	2.62433	1967.75	0	0.909353	5.86623	0.955555	1.64054	0.0916894	487421;194926;35176;30512;55327;33617;	487267;194926;30086;30039.8;54030.3;33264;	0.98832;0.975509;0.968281;0.960686;0.981408;0.970267;
./tmp//tQC_NA_NA_2.mzML.dia	Q9UGM5	Q9UGM5	FETUB_HUMAN	FETUB	9754.97	9754.97	9754.97	9754.97	9754.97	9754.97	LVVLPFPK	LVVLPFPK	LVVLPFPK2	2	0.00364299	0.0136986	1	9754.97	9754.97	0	3.35612	3441.1	3.40396	3327.36	0	0	4.52252	0.951093	2.47455	0.113038	4734;4359;1650;889;1078;1562;	3802.76;4302.21;1650;837.145;991.264;381.095;	0.934098;0.946366;0.956872;0.932964;0.896805;0.087807;
./tmp//tQC_NA_NA_2.mzML.dia					3.49289e+06	3.49289e+06					LVVYPWTQR	LVVYPWTQR	LVVYPWTQR2	2	0.198623	1	0	274489	274489	0	3.40892	3049.4	3.19459	3424.5	0	-0.150489	3.43121	0.336243	3.5887	0.209675	210287;1887;3683;44931;662;18390;	210287;380.734;500.501;44931;62.0477;18390;	0.9702;0.153002;-0.00671599;0.986973;0.0516066;0.983845;
./tmp//tQC_NA_NA_2.mzML.dia	Q16610	Q16610	ECM1_HUMAN	ECM1	4394.72	4394.72	4394.72	4394.72	4394.72	4394.72	LVWEEAM(UniMod:35)SR	LVWEEAMSR	LVWEEAM(UniMod:35)SR2	2	0.240266	0.045977	1	15713.6	15713.6	0	2.43422	1478.7	2.16946	1843.76	0	-0.149186	4.55912	0.302614	3.72647	0.13787	2093;5119;6697;3903;4479;593;	771.262;5119;6308.28;3515.06;3828.24;0;	0.742953;0.984268;0.950477;0.913246;0.849096;0.0634974;
./tmp//tQC_NA_NA_2.mzML.dia	Q16610	Q16610	ECM1_HUMAN	ECM1	4394.72	4394.72	4394.72	4394.72	4394.72	4394.72	LVWEEAMSR	LVWEEAMSR	LVWEEAMSR2	2	0.90779	0.045977	1	8712.28	8712.28	0	2.75443	2187.7	2.66123	2305.84	0	0.231408	2.92106	0.102513	3.77019	0.319109	4415;6320;7763;4413;14104;4556;	3923.2;1868.53;2007.42;389.173;14104;523.961;	0.88433;0.243603;0.144453;0.0646837;0.976037;-0.161844;
./tmp//tQC_NA_NA_2.mzML.dia	P00450	P00450	CERU_HUMAN	CP	71879.6	71879.6	71879.6	71879.6	71879.6	71879.6	LVYREYTDASFTNRK	LVYREYTDASFTNRK	LVYREYTDASFTNRK3	3	0.0419162	0.0136986	1	7763.56	7763.56	0	2.01665	1223.4	1.93008	1324.03	0	0.143419	2.59599	0.649354	2.37042	0.232702	1476;2713;2065;1378;3975;1671;	769.454;2713;1523.59;1086.51;294.576;1671;	0.455584;0.813843;0.626167;0.787956;0.226807;0.882785;
./tmp//tQC_NA_NA_2.mzML.dia	P01011	P01011	AACT_HUMAN	SERPINA3	138152	138152	138152	138152	138152	138152	LYGSEAFATDFQDSAAAK	LYGSEAFATDFQDSAAAK	LYGSEAFATDFQDSAAAK3	3	0.00364299	0.0136986	1	15141.5	15141.5	0	3.00325	2699	2.94612	2797.34	0	-0.0463231	3.24073	0.952127	2.06191	0.391471	6847;5875;5435;6449;2816;2986;	6730.04;4531.37;5435;4202.18;2579.23;2976.42;	0.955177;0.752981;0.952943;0.55427;0.901041;0.963028;
./tmp//tQC_NA_NA_2.mzML.dia	P01011	P01011	AACT_HUMAN	SERPINA3	138152	138152	138152	138152	138152	138152	LYGSEAFATDFQDSAAAKK	LYGSEAFATDFQDSAAAKK	LYGSEAFATDFQDSAAAKK3	3	0.00220264	0.0136986	1	4475.9	4475.9	0	2.74557	2215.3	2.67568	2282.98	0	0.788685	3.83923	0.955317	2.36099	0.103889	2051;1975;5259;1186;3805;2001;	1693.38;1738.63;2336.52;1186;1834.56;1551.27;	0.886147;0.911092;0.450106;0.966898;0.484223;0.893481;
./tmp//tQC_NA_NA_2.mzML.dia	P05155	P05155	IC1_HUMAN	SERPING1	83273	83273	83273	83273	83273	83273	LYHAFSAM(UniMod:35)K	LYHAFSAMK	LYHAFSAM(UniMod:35)K2	2	0.179031	0.0136986	1	8932.65	8932.65	0	1.55775	962.8	1.49153	999.511	0	0.00365444	3.14832	0.35434	0	-1e+07	1735;1261;4254;4351;791;3045;	467.644;315.736;3234.75;4351;233.692;329.827;	0.036495;0.442583;0.772547;0.963997;0.595051;0.375776;
./tmp//tQC_NA_NA_2.mzML.dia	P05155	P05155	IC1_HUMAN	SERPING1	83273	83273	83273	83273	83273	83273	LYHAFSAMK	LYHAFSAMK	LYHAFSAMK2	2	0.0334572	0.0136986	1	12662.3	12662.3	0	1.84097	1169.4	1.86618	1157.59	0	0.133404	2.64214	0.703938	1.95552	0.148866	4293;5627;3922;3124;3343;2640;	1564.16;1827.62;3922;1215.84;2264.6;1868.03;	0.491932;0.213394;0.942724;0.0441141;0.627068;0.70867;
./tmp//tQC_NA_NA_2.mzML.dia	P01009	P01009	A1AT_HUMAN	SERPINA1	589664	589664	589664	589664	589664	589664	LYHSEAFTVNFGDTEEAK	LYHSEAFTVNFGDTEEAK	LYHSEAFTVNFGDTEEAK3	3	0.00220264	0.0136986	1	16473.3	16473.3	0	2.80765	2383.2	2.78942	2426.16	0	0.927343	5.65368	0.956389	0	-1e+07	10699;5730;6073;6009;5350;5120;	10359.3;5634.77;6073;5424.35;4945.67;4765.52;	0.926476;0.954753;0.954384;0.933167;0.931127;0.962835;
./tmp//tQC_NA_NA_2.mzML.dia	P01009	P01009	A1AT_HUMAN	SERPINA1	589664	589664	589664	589664	589664	589664	LYHSEAFTVNFGDTEEAKK	LYHSEAFTVNFGDTEEAKK	LYHSEAFTVNFGDTEEAKK3	3	0.00220264	0.0136986	1	36187.7	36187.7	0	2.57463	1963.5	2.56397	1998.54	0	0.890377	5.6972	0.956346	3.08388	0.738369	19097;10704;10922;9914;9522;8617;	18930.8;10530.5;10922;9794.65;8889.01;8367.82;	0.973295;0.960438;0.948209;0.929664;0.973581;0.96869;
./tmp//tQC_NA_NA_2.mzML.dia	P01009	P01009	A1AT_HUMAN	SERPINA1	589664	589664	589664	589664	589664	589664	LYHSEAFTVNFGDTEEAKK	LYHSEAFTVNFGDTEEAKK	LYHSEAFTVNFGDTEEAKK4	4	0.00220264	0.0136986	1	66994.6	66994.6	0	2.56902	1946.9	2.54938	1988.31	0	0.779243	5.63766	0.955825	1.94063	0.209939	36767;33938;23803;16483;36488;14683;	36767;33492.9;23525.5;16035.9;12996.1;14191.7;	0.955104;0.943383;0.948119;0.972667;0.455922;0.959378;
./tmp//tQC_NA_NA_2.mzML.dia	P02790	P02790	HEMO_HUMAN	HPX	304223	304223	304223	304223	304223	304223	LYLVQGTQVY	LYLVQGTQVY	LYLVQGTQVY2	2	0.103814	0.0136986	1	15739.7	15739.7	0	3.39658	3225.4	3.27131	3400.19	0	-0.0714485	3.306	0.451898	0	-1e+07	8162;2142;2388;964;1901;3851;	8162;440.733;2272.26;517.595;496.112;3851;	0.964668;-0.04861;0.898396;0.538954;0.118056;0.939514;
./tmp//tQC_NA_NA_2.mzML.dia	P02790	P02790	HEMO_HUMAN	HPX	304223	304223	304223	304223	304223	304223	LYLVQGTQVYVFLTK	LYLVQGTQVYVFLTK	LYLVQGTQVYVFLTK3	3	0.00220264	0.0136986	1	26250.1	26250.1	0	4.06253	4252.6	4.09376	4237.88	0	0.208052	4.9749	0.956025	3.87866	0.123191	19500;22097;9341;12288;7921;10446;	19171;20345.5;8514.39;11967.4;7921;9814.74;	0.934377;0.920003;0.937237;0.930719;0.944659;0.938516;
./tmp//tQC_NA_NA_2.mzML.dia	P69905	P69905	HBA_HUMAN	HBA1	26062.1	26062.1	26062.1	26062.1	26062.1	26062.1	M(UniMod:35)FLSFPTTK	MFLSFPTTK	M(UniMod:35)FLSFPTTK2	2	0.00625	0.0136986	1	26062.1	26062.1	0	3.2843	3037.3	3.18869	3212.54	0	-0.133607	3.65861	0.944693	1.85871	0.0959767	8453;8494;9296;1634;1460;4039;	8282.39;8494;9285.73;73.9846;23.5912;3494.25;	0.934665;0.951956;0.945497;-0.124581;-0.029604;0.91232;
./tmp//tQC_NA_NA_2.mzML.dia	P05543	P05543	THBG_HUMAN	SERPINA7	7531.26	7531.26	7531.26	7531.26	7531.26	7531.26	M(UniMod:35)GIQHAYSENADFSGLTEDNGLK	MGIQHAYSENADFSGLTEDNGLK	M(UniMod:35)GIQHAYSENADFSGLTEDNGLK3	3	0.14649	0.0136986	1	14920.9	14920.9	0	2.51558	2209.6	2.67261	1920.73	0	0.331143	2.95221	0.388605	3.27049	0.362005	11195;3848;1413;1926;1482;2111;	9076.01;3848;786.6;658.781;434.17;1210.27;	0.677534;0.932452;0.386713;-0.176444;-0.163021;0.279349;
./tmp//tQC_NA_NA_2.mzML.dia	P0C0L4;P0C0L5	P0C0L4;P0C0L5	CO4A_HUMAN;CO4B_HUMAN	C4A;C4B	101288	101288	101288	101288			M(UniMod:35)RPSTDTITVMVENSHGLR	MRPSTDTITVMVENSHGLR	M(UniMod:35)RPSTDTITVMVENSHGLR4	4	0.00364299	0.0136986	0	32292	32292	0	2.754	2081.4	2.62068	2304.7	0	-0.122558	4.97026	0.953237	1.89365	0.199682	15506;2716;15769;9416;9308;7583;	15174;157.961;15769;9186.55;8975.96;7547.01;	0.960747;-0.224188;0.97928;0.957884;0.975074;0.974212;
./tmp//tQC_NA_NA_2.mzML.dia					3.49289e+06	3.49289e+06					M(UniMod:35)SLHHLTIPYFR	MSLHHLTIPYFR	M(UniMod:35)SLHHLTIPYFR3	3	0.664791	1	0	10381.1	10381.1	0	2.65447	2331	2.74893	2126.45	0	-0.00328929	2.18341	0.136751	2.68039	0.114851	3836;298;7767;1234;3278;5005;	3836;85.2168;2736.87;448.84;1149.38;2210;	0.960641;0.490825;0.235744;0.134603;0.21293;0.58093;
./tmp//tQC_NA_NA_2.mzML.dia	P01023;P20742	P01023;P20742	A2MG_HUMAN;PZP_HUMAN	A2M;PZP	302205	302205	302205	302205			M(UniMod:35)VSGFIPLKPTVK	MVSGFIPLKPTVK	M(UniMod:35)VSGFIPLKPTVK3	3	0.00364299	0.0136986	0	151102	151102	0	2.85093	2320.9	2.74166	2506.8	0	-0.0784815	4.22635	0.952204	1.87089	0.246308	114351;24944;32251;8478;71118;10887;	113247;24039.3;30795.4;7060.34;71118;5530.08;	0.985827;0.96389;0.986114;0.973279;0.971712;0.940684;
./tmp//tQC_NA_NA_2.mzML.dia	P02787	P02787	TRFE_HUMAN	TF	590578	590578	590578	590578	590578	590578	M(UniMod:35)YLGYEYVTAIR	MYLGYEYVTAIR	M(UniMod:35)YLGYEYVTAIR2	2	0.0085592	0.0136986	1	590578	590578	0	3.41368	2958.5	3.14153	3434.21	0	-0.152328	4.04967	0.926198	0	-1e+07	303358;160347;1812;126873;675;67722;	303358;160347;104.73;126873;60.8777;67722;	0.978182;0.978427;0.0855734;0.973683;0.129819;0.968711;
./tmp//tQC_NA_NA_2.mzML.dia					3.49289e+06	3.49289e+06					MDDFAAFVEK	MDDFAAFVEK	MDDFAAFVEK2	2	0.00625	1	0	33615.1	33615.1	0	3.61857	3769.1	3.56069	3838.79	0	0.978664	4.30093	0.939854	2.11638	0.112606	4710;5168;74677;4369;25403;4549;	4054.17;3783.21;4198.86;4157.89;25403;2346.47;	0.96552;0.951513;-0.0758961;0.96143;0.954027;0.579214;
./tmp//tQC_NA_NA_2.mzML.dia					3.49289e+06	3.49289e+06					MDKYTFELSR	MDKYTFELSR	MDKYTFELSR2	2	0.254682	1	0	11564.5	11564.5	0	2.18973	1815.9	2.43576	1478	0	0.136326	2.78935	0.289511	1.6821	0.115385	5598;5465;5738;4893;3506;10904;	2914.66;5465;4558.79;1200.91;781.587;1202.34;	0.411915;0.984795;0.878793;0.210497;0.169905;-0.139215;
./tmp//tQC_NA_NA_2.mzML.dia	P29622	P29622	KAIN_HUMAN	SERPINA4	18052.3	18052.3	18052.3	18052.3	18052.3	18052.3	MDYKGDATVFFILPNQGK	MDYKGDATVFFILPNQGK	MDYKGDATVFFILPNQGK3	3	0.00937082	0.0136986	1	6130.18	6130.18	0	3.5846	3827.2	3.59932	3780.4	0	0.436489	3.16564	0.876651	3.96575	0.129336	3463;5343;2227;5883;1414;2304;	3463;1904.24;1686.09;1273.58;610.908;981.087;	0.96458;0.0837203;0.520376;0.350464;0.468082;0.592556;
./tmp//tQC_NA_NA_2.mzML.dia	P01011	P01011	AACT_HUMAN	SERPINA3	138152	138152	138152	138152	138152	138152	MEEVEAMLLPETLK	MEEVEAMLLPETLK	MEEVEAMLLPETLK2	2	0.00220264	0.0136986	1	7458.2	7458.2	0	3.74838	4049.2	3.76147	4024.81	0	0.293899	4.01383	0.956092	0	-1e+07	4271;3585;1676;2209;2382;2014;	3904.19;1469.32;1345.01;2209;1180.36;834.036;	0.88345;0.383269;0.831183;0.97896;0.750834;0.390687;
./tmp//tQC_NA_NA_2.mzML.dia	P01011	P01011	AACT_HUMAN	SERPINA3	138152	138152	138152	138152	138152	138152	MEEVEAMLLPETLK	MEEVEAMLLPETLK	MEEVEAMLLPETLK3	3	0.0155642	0.0136986	1	6510.45	6510.45	0	3.74058	4048.5	3.76088	4015.55	0	0.0627023	2.87695	0.804487	2.80476	0.481933	2320;1897;1190;1464;1164;3031;	1643.37;918.683;1190;997.782;722.272;1038.35;	0.770641;0.383555;0.895096;0.733288;0.56716;-0.146708;
./tmp//tQC_NA_NA_2.mzML.dia	P01011	P01011	AACT_HUMAN	SERPINA3	138152	138152	138152	138152	138152	138152	MEEVEAMLLPETLKR	MEEVEAMLLPETLKR	MEEVEAMLLPETLKR3	3	0.00220264	0.0136986	1	22982.1	22982.1	0	3.39702	3391.3	3.37169	3401.02	0	0.972083	5.79578	0.956125	1.7508	0.156974	16203;3824;4882;5095;2771;3695;	16203;3417.92;4436.54;4631.17;2647.23;3361.22;	0.982715;0.987484;0.958794;0.939047;0.953312;0.981582;
./tmp//tQC_NA_NA_2.mzML.dia	P69905	P69905	HBA_HUMAN	HBA1	26062.1	26062.1	26062.1	26062.1	26062.1	26062.1	MFLSFPTTK	MFLSFPTTK	MFLSFPTTK2	2	0.00220264	0.0136986	1	19779.3	19779.3	0	3.2843	3292.2	3.30514	3212.54	0	0.226731	5.66224	0.955912	0	-1e+07	9296;8494;8453;7477;3836;4039;	9296;7611.05;7925.41;7234.83;3248.45;3000.63;	0.95724;0.943544;0.944276;0.946227;0.968669;0.914363;
./tmp//tQC_NA_NA_2.mzML.dia	P69905	P69905	HBA_HUMAN	HBA1	26062.1	26062.1	26062.1	26062.1	26062.1	26062.1	MFLSFPTTKTYFPHFDLSHGSAQVK	MFLSFPTTKTYFPHFDLSHGSAQVK	MFLSFPTTKTYFPHFDLSHGSAQVK4	4	0.0940171	0.0136986	1	5228.52	5228.52	0	3.83255	4038.9	3.75291	4107.49	0	0.200038	1.86817	0.464677	2.23997	0.571386	2726;290;942;2154;1687;1986;	2726;0;510.992;519.313;580.686;891.531;	0.968615;-0.153262;0.361075;0.0465872;0.182997;0.302188;
./tmp//tQC_NA_NA_2.mzML.dia	P00450	P00450	CERU_HUMAN	CP	71879.6	71879.6	71879.6	71879.6	71879.6	71879.6	MFTTAPDQVDKEDEDFQESNK	MFTTAPDQVDKEDEDFQESNK	MFTTAPDQVDKEDEDFQESNK3	3	0.00220264	0.0136986	1	8177.39	8177.39	0	2.34292	1689	2.36118	1692.72	0	0.921563	5.56978	0.956646	1.7414	0.125124	4135;5779;2716;1943;3779;3989;	4135;5081.53;2183.64;1672.77;2766;3738.63;	0.949866;0.931908;0.898152;0.978963;0.968508;0.959341;
./tmp//tQC_NA_NA_2.mzML.dia	P05543	P05543	THBG_HUMAN	SERPINA7	7531.26	7531.26	7531.26	7531.26	7531.26	7531.26	MGIQHAYSENADFSGLTEDNGLK	MGIQHAYSENADFSGLTEDNGLK	MGIQHAYSENADFSGLTEDNGLK3	3	0.0827068	0.0136986	1	19999.1	19999.1	0	3.15687	2492.1	2.87197	2983.71	0	0.309968	2.54097	0.473982	2.52144	0.522576	11196;5461;6577;6029;2229;4704;	1324.43;2412.48;6577;4106.49;1025.09;4553.64;	-0.155523;0.551987;0.960459;0.795119;0.468545;0.929298;
./tmp//tQC_NA_NA_2.mzML.dia					3.49289e+06	3.49289e+06					MGVVSLGSPSGEVSHPR	MGVVSLGSPSGEVSHPR	MGVVSLGSPSGEVSHPR2	2	0.0709534	1	0	2431.07	2431.07	0	2.24427	1586.8	2.27796	1543.31	0	0.319299	2.57855	0.535381	0	-1e+07	1020;775;1710;1682;1649;856;	1020;226.35;313.61;283.953;587.16;0;	0.899616;0.435131;-0.266665;0.191536;0.487101;0.222294;
./tmp//tQC_NA_NA_2.mzML.dia	P05546	P05546	HEP2_HUMAN	SERPIND1	18971.3	18971.3	18971.3	18971.3	18971.3	18971.3	MLFDKNGNMAGISDQR	MLFDKNGNMAGISDQR	MLFDKNGNMAGISDQR3	3	0.00937082	0.0136986	1	9031.95	9031.95	0	2.60775	2013.8	2.59581	2059.67	0	-0.201629	2.8544	0.857713	0	-1e+07	17675;7263;22960;5520;2859;2447;	3937.21;2142.82;4530.28;3366.27;2859;2235.74;	0.46009;0.28307;-0.206266;0.350785;0.898426;0.647653;
./tmp//tQC_NA_NA_2.mzML.dia	Q6UX71	Q6UX71	PXDC2_HUMAN	PLXDC2	10994.1	10994.1	10994.1	10994.1	10994.1	10994.1	MLTATQYIAPLMANFDPSVSR	MLTATQYIAPLMANFDPSVSR	MLTATQYIAPLMANFDPSVSR3	3	0.263011	0.61194	1	10994.1	10994.1	0	4.67245	4379.4	4.48948	4421.69	0	0.0827994	3.29263	0.284489	0	-1e+07	1567;1949;2450;4314;3260;4071;	595.898;1949;920.568;2500.57;2799.29;3149.37;	0.338913;0.939469;0.0418187;0.633186;0.765364;0.754258;
./tmp//tQC_NA_NA_2.mzML.dia	P09871	P09871	C1S_HUMAN	C1S	21662.4	21662.4	21662.4	21662.4	21662.4	21662.4	MLTPEHVFIHPGWK	MLTPEHVFIHPGWK	MLTPEHVFIHPGWK2	2	0.039807	0.0136986	1	68835.3	68835.3	0	2.84855	2499.1	2.87566	2502.47	0	0.0587443	3.02574	0.668076	2.2094	0.0944151	2164;973;2356;86379;2551;2741;	525.489;355.72;2356;64580.5;1267.72;2105.79;	0.223456;0.601532;0.883772;0.768821;0.538674;0.567769;
./tmp//tQC_NA_NA_2.mzML.dia	Q96KN2	Q96KN2	CNDP1_HUMAN	CNDP1	3919.78	3919.78	3919.78	3919.78	3919.78	3919.78	MMAVAADTLQR	MMAVAADTLQR	MMAVAADTLQR2	2	0.00937082	0.0531915	1	3919.78	3919.78	0	2.27477	1656.5	2.33828	1586.9	0	-0.261129	3.53041	0.894484	0	-1e+07	4942;5384;1577;1218;1637;1887;	2308.91;2737.03;1168.98;863.8;1363.49;1887;	0.543272;0.44568;0.708455;0.70111;0.691981;0.913015;
./tmp//tQC_NA_NA_2.mzML.dia	P08185	P08185	CBG_HUMAN	SERPINA6	14512.3	14512.3	14512.3	14512.3	14512.3	14512.3	MNTVIAALSR	MNTVIAALSR	MNTVIAALSR2	2	0.00364299	0.0136986	1	14512.3	14512.3	0	2.81565	2367.6	2.7768	2441.68	0	0.333591	4.53941	0.953577	2.14707	0.10357	8208;6247;4962;6649;4094;3148;	8208;4897.74;4145.59;4500.02;3119.56;2158.73;	0.956468;0.925646;0.938163;0.796631;0.926106;0.963957;
./tmp//tQC_NA_NA_2.mzML.dia					3.49289e+06	3.49289e+06					MPNALSALSDLHAHK	MPNALSALSDLHAHK	MPNALSALSDLHAHK2	2	0.402387	1	0	10291.5	10291.5	0	2.78645	2498	2.8751	2382.4	0	0.106871	2.8128	0.210216	0	-1e+07	1983;2812;1307;2033;4300;5912;	782.731;1159.4;206.72;1054.86;1175.82;5912;	0.275055;0.488557;-0.0954545;0.621139;0.0661574;0.968174;
./tmp//tQC_NA_NA_2.mzML.dia	P29401	P29401	TKT_HUMAN	TKT	14920.6	14920.6	14920.6	14920.6	14920.6	14920.6	MPSLPSYK	MPSLPSYK	MPSLPSYK2	2	0.216634	0.51938	1	14920.6	14920.6	0	2.3202	1672.4	2.34996	1656.25	0	0.190463	3.11167	0.321313	2.68821	0.200493	3484;1898;5587;4105;6727;1777;	2783.51;0;5587;468.165;5597.98;483.968;	0.910601;-0.137517;0.950918;-0.152082;0.814977;0.164539;
./tmp//tQC_NA_NA_2.mzML.dia	P0C0L4;P0C0L5	P0C0L4;P0C0L5	CO4A_HUMAN;CO4B_HUMAN	C4A;C4B	101288	101288	101288	101288			MRPSTDTITVMVENSHGLR	MRPSTDTITVMVENSHGLR	MRPSTDTITVMVENSHGLR3	3	0.00220264	0.0136986	0	28373.3	28373.3	0	2.74687	2207.3	2.67138	2286.21	0	0.559917	4.36847	0.954399	5.12046	0.390272	10627;8006;9916;18616;14560;16653;	10627;8006;9740.29;7109.73;6758.59;8594.19;	0.964055;0.822724;0.849895;0.522516;0.518757;0.499305;
./tmp//tQC_NA_NA_2.mzML.dia	P0C0L4;P0C0L5	P0C0L4;P0C0L5	CO4A_HUMAN;CO4B_HUMAN	C4A;C4B	101288	101288	101288	101288			MRPSTDTITVMVENSHGLR	MRPSTDTITVMVENSHGLR	MRPSTDTITVMVENSHGLR4	4	0.00220264	0.0136986	0	50864.1	50864.1	0	2.754	2340.7	2.75608	2304.7	0	0.171936	5.20263	0.956123	0	-1e+07	26114;15506;15769;9308;60920;10950;	26114;15449.1;15535.9;9214.27;23518.5;10014.1;	0.970656;0.951975;0.956537;0.959601;0.322979;0.944395;
./tmp//tQC_NA_NA_2.mzML.dia					3.49289e+06	3.49289e+06					MSLHHLTIPYFR	MSLHHLTIPYFR	MSLHHLTIPYFR2	2	0.0740331	1	0	15642.4	15642.4	0	2.92082	2765.8	2.98282	2645.64	0	0.0443989	3.52268	0.512464	2.08091	0.100675	4606;2337;1865;3025;5454;3186;	4606;1026.18;221.756;1942.72;5344.82;2500.96;	0.963226;0.39761;0.387609;0.718464;0.800365;0.73019;
./tmp//tQC_NA_NA_2.mzML.dia					3.49289e+06	3.49289e+06					MSLHHLTIPYFR	MSLHHLTIPYFR	MSLHHLTIPYFR3	3	0.0085592	1	0	35140.6	35140.6	0	3.11077	2773.6	2.98834	2900.4	0	0.512412	4.49495	0.915869	2.2518	0.339037	21988;1819;3875;3594;1717;10680;	21173.6;1797.91;2282.02;3594;933.671;10372.9;	0.925103;0.887716;0.686439;0.937664;0.715502;0.907757;
./tmp//tQC_NA_NA_2.mzML.dia					3.49289e+06	3.49289e+06					MSPPQLALNPSALLSR	MSPPQLALNPSALLSR	MSPPQLALNPSALLSR2	2	0.0377129	1	0	9025.06	9025.06	0	3.85982	4205	3.96756	4128.52	0	-0.134094	2.49645	0.670445	2.03168	0.101934	2482;2378;1174;1397;2265;3410;	2482;1485.02;749.875;1397;1550.92;1360.25;	0.920284;0.57153;0.682776;0.86002;0.346443;0.0227452;
./tmp//tQC_NA_NA_2.mzML.dia					3.49289e+06	3.49289e+06					MVENSHGLR	MVENSHGLR	MVENSHGLR2	2	0.00364299	1	0	14653.9	14653.9	0	2.75357	2351.9	2.76455	2303.55	0	0.522771	3.12673	0.951524	2.34799	0.555093	6649;5466;4818;11263;7515;4382;	6279.61;3556.25;4818;4368.11;1666.19;2264.54;	0.954494;0.71687;0.973919;0.250249;0.131826;0.524749;
./tmp//tQC_NA_NA_2.mzML.dia					3.49289e+06	3.49289e+06					MVFQALAQYQK	MVFQALAQYQK	MVFQALAQYQK2	2	0.0191327	1	0	11872.4	11872.4	0	2.99222	2688.3	2.94208	2784.44	0	0.0561808	4.01933	0.767085	2.27595	0.167057	3394;2150;3145;2690;4890;2115;	1809.86;1359.89;2024.03;1122.81;4890;665.868;	0.615747;0.84148;0.84129;0.465536;0.93986;0.54922;
./tmp//tQC_NA_NA_2.mzML.dia					3.49289e+06	3.49289e+06					MVFVTNPDGSPAYR	MVFVTNPDGSPAYR	MVFVTNPDGSPAYR2	2	0.00937082	1	0	10814.6	10814.6	0	2.87192	2216.5	2.67634	2545.3	0	0.54671	3.14049	0.856315	3.20526	0.223046	3195;1908;6077;2884;2041;2932;	3195;714.234;6077;1542.58;766.217;912.537;	0.947174;0.418953;0.857017;0.613743;0.508754;0.382182;
./tmp//tQC_NA_NA_2.mzML.dia	P01023;P20742	P01023;P20742	A2MG_HUMAN;PZP_HUMAN	A2M;PZP	302205	302205	302205	302205			MVSGFIPLKPTVK	MVSGFIPLKPTVK	MVSGFIPLKPTVK2	2	0.00625	0.0136986	0	5101.46	5101.46	0	2.89485	2644.6	2.92761	2589.69	0	0.731603	3.89958	0.936444	2.15565	0.0972227	2378;3648;4475;2348;5374;1722;	2378;1007.46;1332.77;644.454;1716;509.401;	0.976827;0.574757;0.551273;0.545237;0.576556;0.536145;
./tmp//tQC_NA_NA_2.mzML.dia	P01023;P20742	P01023;P20742	A2MG_HUMAN;PZP_HUMAN	A2M;PZP	302205	302205	302205	302205			MVSGFIPLKPTVK	MVSGFIPLKPTVK	MVSGFIPLKPTVK3	3	0.00220264	0.0136986	0	151102	151102	0	2.85093	2653.2	2.93026	2506.8	0	0.943917	5.24405	0.955502	1.997	0.404308	114351;32251;24944;71118;6369;8478;	113247;30795.4;24039.3;71118;5661.21;7060.34;	0.985827;0.986114;0.96389;0.971712;0.963789;0.973279;
./tmp//tQC_NA_NA_2.mzML.dia	P69891	P69891	HBG1_HUMAN	HBG1	12702.6	12702.6	12702.6	12702.6	12702.6	12702.6	MVTAVASALSSR	MVTAVASALSSR	MVTAVASALSSR2	2	0.154158	0.428571	1	12702.6	12702.6	0	2.64473	1887.5	2.489	2113.41	0	-0.0488941	2.18923	0.383275	2.17468	0.228569	4346;13955;4906;4959;2598;2175;	3943.65;2651.18;1313.65;1676.69;942.453;2175;	0.651113;-0.202758;0.245243;0.0353785;0.143219;0.9482;
./tmp//tQC_NA_NA_2.mzML.dia	P02787	P02787	TRFE_HUMAN	TF	590578	590578	590578	590578	590578	590578	MYLGYEYVTAIR	MYLGYEYVTAIR	MYLGYEYVTAIR2	2	0.00220264	0.0136986	1	588080	588080	0	3.41368	3373.9	3.35877	3434.21	0	0.924018	5.83935	0.955971	0	-1e+07	303358;160347;247345;126873;110736;67722;	302592;159644;247345;125843;109158;66260.8;	0.977129;0.977029;0.971161;0.971998;0.969054;0.966737;
./tmp//tQC_NA_NA_2.mzML.dia					3.49289e+06	3.49289e+06					MYSIITPNILR	MYSIITPNILR	MYSIITPNILR2	2	0.00220264	1	0	14792.9	14792.9	0	3.59607	3813.9	3.59042	3800.54	0	0.361005	5.48464	0.9565	3.02432	0.133954	5624;3164;7004;3049;3084;2639;	5624;3135.39;6033.51;2372.73;2825.61;2234.94;	0.949512;0.966316;0.941397;0.910883;0.909972;0.93475;
./tmp//tQC_NA_NA_2.mzML.dia	P00450	P00450	CERU_HUMAN	CP	71879.6	71879.6	71879.6	71879.6	71879.6	71879.6	MYYSAVDPTK	MYYSAVDPTK	MYYSAVDPTK2	2	0.00220264	0.0136986	1	9856.05	9856.05	0	2.04002	1341.1	2.04157	1353.01	0	0.423924	4.83199	0.956429	2.27385	0.182479	4740;4006;9265;2670;2158;2340;	4740;3363.74;3403.59;2586.09;1504.04;1752.31;	0.973958;0.903768;0.234647;0.974659;0.826927;0.875137;
./tmp//tQC_NA_NA_2.mzML.dia	P00450	P00450	CERU_HUMAN	CP	71879.6	71879.6	71879.6	71879.6	71879.6	71879.6	MYYSAVDPTKDIFTGLIGPMK	MYYSAVDPTKDIFTGLIGPMK	MYYSAVDPTKDIFTGLIGPMK3	3	0.00220264	0.0136986	1	26208.5	26208.5	0	4.06817	4249.9	4.08599	4240.51	0	0.911796	5.27163	0.955467	2.09423	0.703979	3708;12493;4649;10107;12588;6862;	3656.42;12493;4031.19;10059.1;5710.58;5161.07;	0.990146;0.986729;0.934697;0.976847;0.421072;0.959586;
./tmp//tQC_NA_NA_2.mzML.dia	P04040	P04040	CATA_HUMAN	CAT	3618.64	3618.64	3618.64	3618.64	3618.64	3618.64	NAIHTFVQSGSHLAAR	NAIHTFVQSGSHLAAR	NAIHTFVQSGSHLAAR3	3	0.297297	0.166667	1	11088.1	11088.1	0	2.40955	2071.8	2.61776	1805.69	0	0.335502	2.28981	0.265322	1.7666	0.126296	4342;1576;2151;2526;3539;3914;	2575.13;613.91;1221.98;767.118;1995.97;3914;	0.358871;-0.0500534;0.466739;0.137698;0.365108;0.947468;
./tmp//tQC_NA_NA_2.mzML.dia	P05543	P05543	THBG_HUMAN	SERPINA7	7531.26	7531.26	7531.26	7531.26	7531.26	7531.26	NALALFVLPK	NALALFVLPK	NALALFVLPK2	2	0.00220264	0.0136986	1	6086.3	6086.3	0	3.86392	4137.7	3.8434	4131.48	0	0.14536	4.6064	0.95472	0	-1e+07	2841;1882;5300;1747;1391;8020;	2660.79;1882;3205.75;1543.51;950.012;791.452;	0.968463;0.964429;0.860463;0.954398;0.880718;-0.0556436;
./tmp//tQC_NA_NA_2.mzML.dia					3.49289e+06	3.49289e+06					NALSALSDLHAHK	NALSALSDLHAHK	NALSALSDLHAHK2	2	0.472362	1	0	11508.1	11508.1	0	3.67093	4143.6	3.85103	3921.17	0	-0.137593	3.58102	0.186671	3.90148	0.111755	5937;3251;13977;2530;3107;1355;	5807.07;1617.18;8456.09;1901.39;2182.5;1355;	0.828333;0.385279;0.757472;0.639723;0.755581;0.899341;
./tmp//tQC_NA_NA_2.mzML.dia					3.49289e+06	3.49289e+06					NAVAHVDDM(UniMod:35)PNALSALSDLHAHK	NAVAHVDDMPNALSALSDLHAHK	NAVAHVDDM(UniMod:35)PNALSALSDLHAHK3	3	0.468461	1	0	8623.86	8623.86	0	3.46473	3575.4	3.46815	3545.07	0	-0.0934694	2.51398	0.190366	3.27248	0.405705	2511;4689;7347;7424;3407;1338;	881.783;1401.45;7347;6055.92;284.711;193.066;	0.524951;0.203331;0.964052;0.944863;-0.109184;-0.131345;
./tmp//tQC_NA_NA_2.mzML.dia					3.49289e+06	3.49289e+06					NAVAHVDDMPNALSALSDLHAHK	NAVAHVDDMPNALSALSDLHAHK	NAVAHVDDMPNALSALSDLHAHK4	4	0.240266	1	0	6431.59	6431.59	0	3.619	4102	3.8078	3839.51	0	0.161812	2.13135	0.305648	2.12099	0.472879	4917;1463;2676;4516;1306;2424;	994.587;613.618;620.133;4516;307.385;1104.46;	0.00400071;0.158581;0.0109115;0.966424;0.39757;0.436252;
./tmp//tQC_NA_NA_2.mzML.dia	P01008	P01008	ANT3_HUMAN	SERPINC1	262560	262560	262560	262560	262560	262560	NDNDNIFLSPLSISTAFAMTK	NDNDNIFLSPLSISTAFAMTK	NDNDNIFLSPLSISTAFAMTK3	3	0.00625	0.0136986	1	4678.08	4678.08	0	4.73412	4453.3	4.7173	4440.8	0	-0.0375128	2.70546	0.935422	2.90722	0.302181	3541;2113;4186;2070;4636;1961;	1793.02;2113;1963.67;821.689;1650.24;772.061;	0.597109;0.963929;0.230842;0.0887595;0.0693679;0.266642;
./tmp//tQC_NA_NA_2.mzML.dia	P01023	P01023	A2MG_HUMAN	A2M	171027	171027	171027	171027	171027	171027	NEDSLVFVQTDK	NEDSLVFVQTDK	NEDSLVFVQTDK2	2	0.00220264	0.0136986	1	50143.1	50143.1	0	2.57377	2094.6	2.62463	1996.91	0	0.982124	5.7367	0.956588	0	-1e+07	39080;30384;20283;10573;16166;14960;	38732.8;30234.4;20283;10040.8;15591.6;14268.5;	0.937933;0.947529;0.954328;0.933629;0.961076;0.960141;
./tmp//tQC_NA_NA_2.mzML.dia					3.49289e+06	3.49289e+06					NEVTEFAK	NEVTEFAK	NEVTEFAK2	2	0.535131	1	0	13006.3	13006.3	0	2.46862	1872.4	2.47609	1880.64	0	0.524034	1.97347	0.165133	1.93773	0.158461	5039;3744;2377;4795;20783;3241;	1721.39;1872.99;1307.59;4795;1715.98;1593.34;	-0.211263;0.286184;0.560594;0.933496;-0.0400214;0.575201;
./tmp//tQC_NA_NA_2.mzML.dia	P02042	P02042	HBD_HUMAN	HBD	7341.48	7341.48	7341.48	7341.48	7341.48	7341.48	NFGKEFTPQMQAAYQK	NFGKEFTPQMQAAYQK	NFGKEFTPQMQAAYQK3	3	0.0085592	0.045977	1	7341.48	7341.48	0	2.59627	1708.8	2.3736	2040.2	0	0.531924	2.65105	0.915635	2.67941	0.206347	3681;700;2174;4510;5676;3521;	1639.16;172.195;1434.98;2385.5;3567.78;3521;	0.234187;0.34898;0.680004;0.447289;0.083894;0.948837;
./tmp//tQC_NA_NA_2.mzML.dia	P02790	P02790	HEMO_HUMAN	HPX	304223	304223	304223	304223	304223	304223	NFPSPVDAAFR	NFPSPVDAAFR	NFPSPVDAAFR2	2	0.00220264	0.0136986	1	304223	304223	0	3.01515	2958	3.14117	2809.61	0	0.992121	5.92097	0.955988	2.1267	0.227622	201289;98583;74665;72220;36834;29708;	201289;98583;74591.5;72160;34595.3;28342.7;	0.989649;0.982112;0.993531;0.982401;0.982183;0.985689;
./tmp//tQC_NA_NA_2.mzML.dia	Q14624	Q14624	ITIH4_HUMAN	ITIH4	53564.2	53564.2	53564.2	53564.2	53564.2	53564.2	NGIDIYSLTVDSR	NGIDIYSLTVDSR	NGIDIYSLTVDSR2	2	0.222758	0.0136986	1	9035.47	9035.47	0	3.46258	3236.1	3.2763	3540.46	0	0.0345196	1.97629	0.316602	3.26139	0.157908	3690;1563;2259;2453;1872;2516;	2866.32;1563;1701.16;1327.9;405.619;1171.46;	0.471074;0.86239;0.348577;0.414599;0.209725;0.232025;
./tmp//tQC_NA_NA_2.mzML.dia	P04217	P04217	A1BG_HUMAN	A1BG	57438.7	57438.7	57438.7	57438.7	57438.7	57438.7	NGVAQEPVHLDSPAIK	NGVAQEPVHLDSPAIK	NGVAQEPVHLDSPAIK2	2	0.00220264	0.0136986	1	10009.6	10009.6	0	2.45392	1928	2.52969	1866.56	0	0.335806	4.86343	0.955022	2.50189	0.125945	5558;2548;2923;3333;2172;2779;	5558;2151.99;2299.58;2879.7;1364.02;860.213;	0.970748;0.906812;0.885294;0.884676;0.737378;0.498939;
./tmp//tQC_NA_NA_2.mzML.dia	P04217	P04217	A1BG_HUMAN	A1BG	57438.7	57438.7	57438.7	57438.7	57438.7	57438.7	NGVAQEPVHLDSPAIK	NGVAQEPVHLDSPAIK	NGVAQEPVHLDSPAIK3	3	0.00220264	0.0136986	1	18472.3	18472.3	0	2.45845	1930.3	2.53227	1871.11	0	0.149467	5.31554	0.956387	1.56542	0.387938	16736;6242;5357;5996;6970;6258;	15424.3;6228.68;5273.64;5847.85;6970;5611.93;	0.873763;0.906918;0.912353;0.835555;0.917156;0.816382;
./tmp//tQC_NA_NA_2.mzML.dia	P19827	P19827	ITIH1_HUMAN	ITIH1	39447.3	39447.3	39447.3	39447.3	39447.3	39447.3	NHM(UniMod:35)QYEIVIK	NHMQYEIVIK	NHM(UniMod:35)QYEIVIK2	2	0.212415	0.0136986	1	10704.3	10704.3	0	2.05408	1286.4	1.99274	1368.55	0	0.119509	2.86547	0.323675	2.16486	0.280104	3130;2612;2832;2092;4163;1434;	3107.88;2612;681.569;1857.31;1104.22;1341.32;	0.93957;0.968343;-0.0822973;0.853419;0.0132005;0.813917;
./tmp//tQC_NA_NA_2.mzML.dia	P19827	P19827	ITIH1_HUMAN	ITIH1	39447.3	39447.3	39447.3	39447.3	39447.3	39447.3	NHMQYEIVIK	NHMQYEIVIK	NHMQYEIVIK2	2	0.00220264	0.0136986	1	8284.01	8284.01	0	2.30073	1575.6	2.26723	1625.92	0	0.668052	5.04262	0.955964	3.12007	0.785238	4867;3533;2627;4186;1538;4699;	4867;2162.19;2223.56;2654.01;1193.46;3480.95;	0.950452;0.929988;0.95674;0.810699;0.931154;0.881989;
./tmp//tQC_NA_NA_2.mzML.dia					3.49289e+06	3.49289e+06					NIDVLEGNEQFIN	NIDVLEGNEQFIN	NIDVLEGNEQFIN2	2	0.252354	1	0	34913.7	34913.7	0	3.42645	3536.8	3.4518	3461.17	0	0.370524	3.62304	0.292374	3.82674	0.603175	9175;4574;25073;3683;3686;2593;	5777.5;3208.4;18996.1;3683;2869.87;378.777;	0.64919;0.682098;0.743406;0.96245;0.587336;0.169735;
./tmp//tQC_NA_NA_2.mzML.dia	P51884	P51884	LUM_HUMAN	LUM	26322.9	26322.9	26322.9	26322.9	26322.9	26322.9	NIPTVNENLENYYLEVNQLEK	NIPTVNENLENYYLEVNQLEK	NIPTVNENLENYYLEVNQLEK3	3	0.00220264	0.0136986	1	11187.4	11187.4	0	3.81048	4128.2	3.83262	4088.59	0	0.816703	4.1294	0.95622	2.34915	0.134568	4112;3585;5096;3595;3920;2278;	4038.7;3585;2548.88;3563.72;2096.47;1466.72;	0.914468;0.9454;0.483755;0.875714;0.793473;0.724211;
./tmp//tQC_NA_NA_2.mzML.dia	P08697	P08697	A2AP_HUMAN	SERPINF2	14446.4	14446.4	14446.4	14446.4	14446.4	14446.4	NKFDPSLTQR	NKFDPSLTQR	NKFDPSLTQR2	2	0.00937082	0.0136986	1	3667.85	3667.85	0	1.67047	1048.8	1.66626	1055.24	0	0.305517	2.98451	0.902629	3.40944	0.332571	1818;1138;48973;1819;2936;1357;	1705.18;1138;6318.18;934.734;540.885;824.673;	0.96461;0.970451;0.00447584;0.676921;0.0264544;0.814941;
./tmp//tQC_NA_NA_2.mzML.dia	P01024	P01024	CO3_HUMAN	C3	153839	153839	153839	153839	153839	153839	NKFVTVQATFGTQVVEK	NKFVTVQATFGTQVVEK	NKFVTVQATFGTQVVEK3	3	0.00937082	0.0136986	1	11789.4	11789.4	0	2.6826	2321.3	2.74194	2165.16	0	0.13081	2.54505	0.878625	2.93245	0.444728	8076;3986;10740;3370;6237;32765;	5338.57;3080.8;3327.23;3370;2556.43;2556.78;	0.536977;0.718069;0.0639013;0.966866;0.141946;0.0188229;
./tmp//tQC_NA_NA_2.mzML.dia	P04264	P04264	K2C1_HUMAN	KRT1	15216.4	15216.4	15216.4	15216.4	15216.4	15216.4	NKLNDLEDALQQAK	NKLNDLEDALQQAK	NKLNDLEDALQQAK3	3	0.312611	0.338983	1	12376.1	12376.1	0	2.64257	2367.3	2.77656	2110.48	0	0.499567	2.76109	0.251381	2.1862	0.105424	4050;4744;3850;3134;4223;4538;	1990.38;4744;652.554;1314.9;2619.1;1055.21;	0.637968;0.974035;0.0828805;0.173613;0.740771;-0.0162166;
./tmp//tQC_NA_NA_2.mzML.dia	P04264	P04264	K2C1_HUMAN	KRT1	15216.4	15216.4	15216.4	15216.4	15216.4	15216.4	NKLNDLEDALQQAKEDLAR	NKLNDLEDALQQAKEDLAR	NKLNDLEDALQQAKEDLAR3	3	0.113898	0.338983	1	8140.76	8140.76	0	3.5859	3759.9	3.55498	3782.7	0	0.210489	1.28291	0.436771	1.819	0.203143	685;2806;2711;2333;1035;4547;	685;1244.19;1921.41;1005.39;264.551;3020.23;	0.805265;0.229603;0.236331;0.168389;0.443063;0.532342;
./tmp//tQC_NA_NA_2.mzML.dia	P35908	P35908	K22E_HUMAN	KRT2	11989.9	11989.9	11989.9	11989.9	11989.9	11989.9	NKLNDLEEALQQAKEDLAR	NKLNDLEEALQQAKEDLAR	NKLNDLEEALQQAKEDLAR3	3	0.372633	0.231481	1	11613.1	11613.1	0	3.80832	3900.7	3.64927	4086.64	0	0.0670012	2.9244	0.220559	2.81582	0.319683	7735;1055;5128;2134;2739;2244;	3835.06;426.79;5128;410.444;950.069;862.711;	0.540955;0.463253;0.981747;0.0378326;0.265925;0.384683;
./tmp//tQC_NA_NA_2.mzML.dia	P00748	P00748	FA12_HUMAN	F12	8802.97	8802.97	8802.97	8802.97	8802.97	8802.97	NKPGVYTDVAYYLAWIR	NKPGVYTDVAYYLAWIR	NKPGVYTDVAYYLAWIR3	3	0.00220264	0.0136986	1	8802.97	8802.97	0	4.27522	4273.1	4.15452	4318.71	0	0.554067	4.966	0.955303	0	-1e+07	5226;2920;4039;3775;2476;3283;	3135.57;2920;3123.83;2759.14;1602.62;2210.4;	0.696948;0.972387;0.898575;0.856853;0.819527;0.821693;
./tmp//tQC_NA_NA_2.mzML.dia	P01011	P01011	AACT_HUMAN	SERPINA3	138152	138152	138152	138152	138152	138152	NLAVSQVVH	NLAVSQVVH	NLAVSQVVH2	2	0.246692	0.0136986	1	11791	11791	0	1.93832	1477.8	2.16855	1238.78	0	0.139097	2.52316	0.298363	2.98406	0.105763	3242;2484;4760;4440;1923;5327;	1124.75;1012.04;2361.12;1248.22;717.852;5327;	0.162166;0.397979;0.636679;0.180512;0.587589;0.866087;
./tmp//tQC_NA_NA_2.mzML.dia	P01011	P01011	AACT_HUMAN	SERPINA3	138152	138152	138152	138152	138152	138152	NLAVSQVVHK	NLAVSQVVHK	NLAVSQVVHK2	2	0.00364299	0.0136986	1	23518.2	23518.2	0	1.74275	1140.4	1.82551	1094.97	0	0.977215	4.68741	0.953845	0	-1e+07	11896;7719;8305;14447;7559;2255;	11679.7;7328.56;8305;10112.7;4925.32;1725.78;	0.93823;0.931274;0.928925;0.955501;0.895793;0.94314;
./tmp//tQC_NA_NA_2.mzML.dia	P35858	P35858	ALS_HUMAN	IGFALS	11092.5	11092.5	11092.5	11092.5	11092.5	11092.5	NLIAAVAPGAFLGLK	NLIAAVAPGAFLGLK	NLIAAVAPGAFLGLK2	2	0.00220264	0.0136986	1	4129.97	4129.97	0	4.1532	4301.5	4.24269	4278.49	0	0.204819	5.09279	0.956158	1.89324	0.158122	1833;1914;1366;3614;1077;946;	1833;1414.93;1085.16;2035.63;882.037;569.812;	0.960904;0.912976;0.911495;0.86511;0.93223;0.78742;
./tmp//tQC_NA_NA_2.mzML.dia	P04264	P04264	K2C1_HUMAN	KRT1	15216.4	15216.4	15216.4	15216.4	15216.4	15216.4	NMQDMVEDYR	NMQDMVEDYR	NMQDMVEDYR2	2	0.514778	0.338983	1	25247.2	25247.2	0	2.17785	1668.2	2.34696	1467.21	0	0.64203	1.77096	0.171944	3.61988	0.268138	2320;2983;22173;3378;1689;5870;	536.248;833.656;22173;278.116;546.346;879.853;	0.293209;0.196982;0.951448;-0.0412394;0.189233;0.0416764;
./tmp//tQC_NA_NA_2.mzML.dia	P07225	P07225	PROS_HUMAN	PROS1	20861.7	20861.7	20861.7	20861.7	20861.7	20861.7	NNLELSTPLKIETISHEDLQR	NNLELSTPLKIETISHEDLQR	NNLELSTPLKIETISHEDLQR3	3	0.00937082	0.0136986	1	1793.98	1793.98	0	3.0331	2940.4	3.12771	2825.85	0	0.0495718	3.22453	0.879323	0	-1e+07	2043;754;909;764;2793;4866;	525.583;407.467;622.513;764;1193.29;1589.4;	0.397853;0.720835;0.780439;0.941644;0.437717;0.20613;
./tmp//tQC_NA_NA_2.mzML.dia	P51884	P51884	LUM_HUMAN	LUM	26322.9	26322.9	26322.9	26322.9	26322.9	26322.9	NNQIDHIDEK	NNQIDHIDEK	NNQIDHIDEK2	2	0.00937082	0.0136986	1	26200.9	26200.9	0	1.33793	814.9	1.18982	899.826	0	-0.0755851	4.00303	0.904185	0	-1e+07	1103;14719;1166;19146;971;771;	218.625;11279.5;1166;13755.4;192.492;199.9;	0.581585;0.792994;0.944962;0.747293;0.501443;0.514612;
./tmp//tQC_NA_NA_2.mzML.dia	Q7Z7G0	Q7Z7G0	TARSH_HUMAN	ABI3BP	5467.43	5467.43	5467.43	5467.43	5467.43	5467.43	NPLGEGPVSNTVAFSTESADPR	NPLGEGPVSNTVAFSTESADPR	NPLGEGPVSNTVAFSTESADPR3	3	0.222758	0.241379	1	27177.4	27177.4	0	3.00713	2700.7	2.94679	2801.51	0	0.253523	3.14976	0.31891	2.68857	0.0975935	10970;16760;3972;3028;3014;532;	7790.08;12070.8;2560;3028;1728.56;0;	0.683421;0.685055;0.594512;0.93227;0.344655;-0.0742581;
./tmp//tQC_NA_NA_2.mzML.dia					3.49289e+06	3.49289e+06					NQEQVSPLTLLK	NQEQVSPLTLLK	NQEQVSPLTLLK2	2	0.00220264	1	0	10121.4	10121.4	0	3.26395	3228.3	3.27265	3180.48	0	0.52862	5.05039	0.956481	1.6795	0.0931237	4748;3128;3550;3575;2543;3061;	4561.33;3017.1;3550;3386.08;2543;2720.37;	0.910341;0.919733;0.895397;0.885558;0.975978;0.833997;
./tmp//tQC_NA_NA_2.mzML.dia	P01023;P20742	P01023;P20742	A2MG_HUMAN;PZP_HUMAN	A2M;PZP	302205	302205	302205	302205			NQGNTWLTAFVLK	NQGNTWLTAFVLK	NQGNTWLTAFVLK2	2	0.00220264	0.0136986	0	11784.3	11784.3	0	4.0673	4252.1	4.09232	4240.1	0	0.918532	5.55635	0.955669	2.86162	0.358339	4079;4715;3818;2709;7033;2608;	4079;4473.39;3231.92;2158.06;5081.96;2157.66;	0.968884;0.973456;0.952041;0.910378;0.880975;0.926084;
./tmp//tQC_NA_NA_2.mzML.dia	P01023;P20742	P01023;P20742	A2MG_HUMAN;PZP_HUMAN	A2M;PZP	302205	302205	302205	302205			NQGNTWLTAFVLKTFAQAR	NQGNTWLTAFVLKTFAQAR	NQGNTWLTAFVLKTFAQAR3	3	0.0858369	0.0136986	0	13306.6	13306.6	0	4.70815	4383.7	4.50274	4432.75	0	-0.165229	2.79217	0.471541	2.04425	0.122764	1483;2387;3130;4820;1086;5283;	466.895;293.934;2583.71;4820;156.527;4985.53;	0.354264;-0.235801;0.872185;0.951231;-0.043155;0.922565;
./tmp//tQC_NA_NA_2.mzML.dia	P0DMV8;P0DMV9	P0DMV8;P0DMV9	HS71A_HUMAN;HS71B_HUMAN	HSPA1A;HSPA1B	22614.1	22614.1	22614.1	22614.1			NQVALNPQNTVFDAK	NQVALNPQNTVFDAK	NQVALNPQNTVFDAK2	2	0.297297	1	0	7164.8	7164.8	0	2.6019	2262.8	2.70318	2049.98	0	0.254055	2.76114	0.262958	0	-1e+07	1642;2275;3727;2479;2138;1198;	892.711;493.868;3727;849.767;791.722;409.731;	0.428522;0.0722815;0.879722;0.109039;0.180735;0.324649;
./tmp//tQC_NA_NA_2.mzML.dia	P11142	P11142	HSP7C_HUMAN	HSPA8	5944.74	5944.74	5944.74	5944.74	5944.74	5944.74	NQVAMNPTNTVFDAK	NQVAMNPTNTVFDAK	NQVAMNPTNTVFDAK2	2	0.1	0.338983	1	5944.74	5944.74	0	2.58957	2127	2.63484	2027.93	0	0.459944	2.94869	0.457445	3.03963	0.472237	1622;2218;2121;1901;1436;3687;	0;508.858;2121;549.734;726.573;2038.57;	0.00751873;0.0507876;0.947911;0.148852;0.304301;0.559768;
./tmp//tQC_NA_NA_2.mzML.dia	P11142	P11142	HSP7C_HUMAN	HSPA8	5944.74	5944.74	5944.74	5944.74	5944.74	5944.74	NSLESYAFNMK	NSLESYAFNMK	NSLESYAFNMK2	2	0.339755	0.338983	1	23204.7	23204.7	0	2.90545	2369.3	2.77815	2611.63	0	0.0190187	3.72758	0.23622	3.02589	0.19549	7129;3915;57642;10289;4245;2916;	7129;2925.89;5038.09;3617.66;3518.41;975.685;	0.976824;0.853582;0.166863;0.341507;0.89159;0.503319;
./tmp//tQC_NA_NA_2.mzML.dia	P29401	P29401	TKT_HUMAN	TKT	14920.6	14920.6	14920.6	14920.6	14920.6	14920.6	NSTFSEIFKK	NSTFSEIFKK	NSTFSEIFKK2	2	0.271889	0.51938	1	7189.44	7189.44	0	2.52142	1712	2.37553	1926.23	0	-0.0290293	2.24245	0.278017	2.26744	0.115429	4431;1418;4226;2514;1406;1085;	612.266;487.097;3195.87;2514;380.204;0;	-0.197275;0.129856;0.525945;0.941104;0.25775;-0.117359;
./tmp//tQC_NA_NA_2.mzML.dia					3.49289e+06	3.49289e+06					NTHPSQKPLSITVR	NTHPSQKPLSITVR	NTHPSQKPLSITVR3	3	0.415606	1	0	1200.23	1200.23	0	2.3466	1734.9	2.3889	1698.73	0	0.413436	1.7438	0.204476	0	-1e+07	613;846;1345;864;474;1673;	613;157.105;215.494;110.753;103.881;0;	0.895576;0.213176;-0.124341;-0.133136;0.386522;-0.203084;
./tmp//tQC_NA_NA_2.mzML.dia	A0A0B4J1X5;A0A0C4DH42;P01764;P01767;P01768;P01772;P0DP02;P0DP03	A0A0B4J1X5;A0A0C4DH42;P01764;P01767;P01768;P01772;P0DP02;P0DP03	HV323_HUMAN;HV330_HUMAN;HV333_HUMAN;HV353_HUMAN;HV366_HUMAN;HV374_HUMAN;HVC05_HUMAN;HVC33_HUMAN	IGHV3-23;IGHV3-30;IGHV3-30-3;IGHV3-30-5;IGHV3-33;IGHV3-53;IGHV3-66;IGHV3-74	33226.2	33226.2	33226.2	33226.2			NTLYLQMNSLR	NTLYLQMNSLR	NTLYLQMNSLR2	2	0.00220264	1	0	33226.2	33226.2	0	2.93098	2613	2.91818	2669.88	0	0.456272	5.75476	0.956731	1.94437	0.216593	19814;16422;13676;6651;8863;13884;	19814;15972.4;13200.3;6402.73;7009.42;9622.67;	0.969626;0.960066;0.953023;0.974645;0.968579;0.893086;
./tmp//tQC_NA_NA_2.mzML.dia	Q14624	Q14624	ITIH4_HUMAN	ITIH4	53564.2	53564.2	53564.2	53564.2	53564.2	53564.2	NVVFVIDK	NVVFVIDK	NVVFVIDK2	2	0.00220264	0.0136986	1	53564.2	53564.2	0	2.65317	2224.6	2.6808	2124.72	0	0.0550442	4.63211	0.956174	1.47902	0.122386	33357;17138;143214;10742;5382;6593;	32428;14543.2;35260.3;6636.18;4808.07;6593;	0.869971;0.838196;0.357635;0.788846;0.830297;0.933389;
./tmp//tQC_NA_NA_2.mzML.dia	Q14624	Q14624	ITIH4_HUMAN	ITIH4	53564.2	53564.2	53564.2	53564.2	53564.2	53564.2	NVVFVIDKSGSM(UniMod:35)SGR	NVVFVIDKSGSMSGR	NVVFVIDKSGSM(UniMod:35)SGR2	2	0.137718	0.0136986	1	16099.3	16099.3	0	2.49048	1557.3	2.24927	1899.23	0	-0.209036	4.04844	0.399507	2.37681	0.138495	2920;2324;7404;1263;2092;2417;	2920;1316.31;7397.93;245.17;1914.81;2305.06;	0.970403;0.635691;0.878518;-0.098908;0.822551;0.867171;
./tmp//tQC_NA_NA_2.mzML.dia	P04745;P19961	P04745;P19961	AMY1_HUMAN;AMY2B_HUMAN	AMY1A;AMY2B	8077.8	8077.8	8077.8	8077.8			NWGEGWGFMPSDR	NWGEGWGFMPSDR	NWGEGWGFMPSDR2	2	0.14649	1	0	8077.8	8077.8	0	3.25422	3434.7	3.40017	3164.88	0	0.0512697	2.42847	0.389325	2.57597	0.232151	1796;2274;3218;2701;3066;2033;	853.208;2274;1783.49;1087.97;1098.47;980.663;	0.30318;0.882594;0.599442;-0.000232932;0.536055;0.380842;
./tmp//tQC_NA_NA_2.mzML.dia	P06396	P06396	GELS_HUMAN	GSN	21257.3	21257.3	21257.3	21257.3	21257.3	21257.3	NWRDPDQTDGLGLSYLSSHIANVER	NWRDPDQTDGLGLSYLSSHIANVER	NWRDPDQTDGLGLSYLSSHIANVER4	4	0.00220264	0.0136986	1	17394.7	17394.7	0	3.44982	3568.6	3.46532	3512.76	0	0.814013	5.43105	0.955787	0	-1e+07	4513;7326;4904;5988;6237;5320;	4332.81;7326;4044.93;5735.93;5654.2;3673.75;	0.970749;0.945574;0.877973;0.983886;0.920227;0.878254;
./tmp//tQC_NA_NA_2.mzML.dia	P02768	P02768	ALBU_HUMAN	ALB	6.02018e+06	6.02018e+06	6.52224e+06	6.52224e+06	6.52224e+06	6.52224e+06	NYAEAKDVFLGM(UniMod:35)FLYEYAR	NYAEAKDVFLGMFLYEYAR	NYAEAKDVFLGM(UniMod:35)FLYEYAR3	3	0.0419162	0.0136986	1	11247.7	11247.7	0	4.05583	4211.5	3.98327	4234.76	0	0.27119	2.85261	0.648929	2.09872	0.213531	4415;3118;3019;2750;2133;2635;	1807.94;1997.88;1914.51;1791.92;1100.4;2635;	0.326946;0.675907;0.26901;0.346408;0.402415;0.871787;
./tmp//tQC_NA_NA_2.mzML.dia	P02768	P02768	ALBU_HUMAN	ALB	6.02018e+06	6.02018e+06	6.52224e+06	6.52224e+06	6.52224e+06	6.52224e+06	NYAEAKDVFLGMFLYEYAR	NYAEAKDVFLGMFLYEYAR	NYAEAKDVFLGMFLYEYAR3	3	0.00220264	0.0136986	1	20528.3	20528.3	0	4.45047	4338.4	4.36044	4360.93	0	0.791179	5.68555	0.956303	0	-1e+07	11891;7327;6514;6803;3469;5019;	11854.8;7327;6514;6687.3;2978.1;4816.77;	0.939925;0.957245;0.966304;0.970074;0.914534;0.936414;
./tmp//tQC_NA_NA_2.mzML.dia	P05546	P05546	HEP2_HUMAN	SERPIND1	18971.3	18971.3	18971.3	18971.3	18971.3	18971.3	NYNLVESLK	NYNLVESLK	NYNLVESLK2	2	0.00220264	0.0136986	1	13218.2	13218.2	0	2.66767	2102	2.62685	2144.23	0	0.927048	4.51677	0.955009	4.29005	0.39194	6159;7154;3600;6819;8323;3574;	6159;3991.25;2655.43;4403.73;3222.98;2325.93;	0.971649;0.742576;0.885054;0.87919;0.414422;0.856388;
./tmp//tQC_NA_NA_2.mzML.dia	P00748	P00748	FA12_HUMAN	F12	8802.97	8802.97	8802.97	8802.97	8802.97	8802.97	PAPEDLTVVLGQER	PAPEDLTVVLGQER	PAPEDLTVVLGQER2	2	0.0754098	0.0136986	1	11062.9	11062.9	0	3.43878	3013.6	3.1765	3488.46	0	0.172531	3.23164	0.500896	2.10034	0.348538	4628;2107;1036;2331;2679;4043;	3477.31;273.436;465.874;1388.76;1414.55;4043;	0.651639;-0.184095;0.476427;0.734516;0.610021;0.93679;
./tmp//tQC_NA_NA_2.mzML.dia	P02751	P02751	FINC_HUMAN	FN1	21839.1	21839.1	21839.1	21839.1	21839.1	21839.1	PAQGVVTTLENVSPPR	PAQGVVTTLENVSPPR	PAQGVVTTLENVSPPR3	3	0.0353659	0.0136986	1	28032.9	28032.9	0	3.18607	2562.3	2.90223	3044.64	0	0.381261	4.03449	0.679098	2.48683	0.0943336	8088;5731;4006;5380;5997;4695;	6813.41;5371.05;2082.29;4198.27;4872.89;4695;	0.705505;0.839322;0.435312;0.766584;0.636019;0.979286;
./tmp//tQC_NA_NA_2.mzML.dia					3.49289e+06	3.49289e+06					PDAVMGNPK	PDAVMGNPK	PDAVMGNPK2	2	0.348958	1	0	5618.46	5618.46	0	3.6891	3983.6	3.70922	3947.53	0	-0.0343436	1.85925	0.231477	1.75147	0.0895443	984;2198;4580;1892;1494;1388;	0;549.385;4580;0;209.58;279.494;	-0.326835;0.596881;0.966076;0.0214988;0.157042;0.23654;
./tmp//tQC_NA_NA_2.mzML.dia					3.49289e+06	3.49289e+06					PDYSVVLLLR	PDYSVVLLLR	PDYSVVLLLR2	2	0.00220264	1	0	6284.44	6284.44	0	2.94028	2606.9	2.91637	2692.95	0	0.964796	4.80675	0.955801	2.05102	0.0891945	1900;1609;2112;2707;1482;16595;	1757.75;1586.56;1990.88;2707;1282.13;2294.98;	0.903619;0.914821;0.918279;0.961437;0.852598;0.385687;
./tmp//tQC_NA_NA_2.mzML.dia					3.49289e+06	3.49289e+06					PELLFFAK	PELLFFAK	PELLFFAK2	2	0.00762195	1	0	3.49289e+06	3.49289e+06	0	3.88685	4141.4	3.8481	4147.17	0	0.916021	5.94315	0.931212	2.43302	0.109562	851678;169039;1.14287e+06;2.47295e+06;308714;1.78898e+06;	851678;168773;1.14278e+06;2.47244e+06;305639;1.78893e+06;	0.989026;0.990866;0.987226;0.989066;0.979617;0.984266;
./tmp//tQC_NA_NA_2.mzML.dia					3.49289e+06	3.49289e+06					PFLLQALVR	PFLLQALVR	PFLLQALVR2	2	0.0106242	1	0	827.665	827.665	0	4.22112	4306.5	4.25852	4302.63	0	0.793684	2.99074	0.851138	1.99837	0.0929378	342;423;302;482;1044;539;	342;123.12;0;53.0007;200.612;108.932;	0.94323;0.600184;0.51516;0.413554;0.171181;0.432954;
./tmp//tQC_NA_NA_2.mzML.dia					3.49289e+06	3.49289e+06					PHFDLSHGSAQVK	PHFDLSHGSAQVK	PHFDLSHGSAQVK3	3	0.353553	1	0	5774.83	5774.83	0	2.70293	2246	2.69306	2196.61	0	0.236263	1.70504	0.229701	2.98434	0.20475	3626;1734;253;2348;2561;2248;	1408.8;231.666;0;1037.6;848.768;2248;	-0.222583;0.128929;0.297908;0.178874;0.112974;0.905804;
./tmp//tQC_NA_NA_2.mzML.dia					3.49289e+06	3.49289e+06					PHGPGLIYR	PHGPGLIYR	PHGPGLIYR2	2	0.477537	1	0	41478.8	41478.8	0	2.19817	1375	2.0712	1486.3	0	-0.154219	4.26317	0.183484	0	-1e+07	1609;36169;2165;1929;2359;4723;	868.598;36169;213.611;678.841;495.313;3053.42;	0.834073;0.987732;0.0405597;0.711708;0.269419;0.919223;
./tmp//tQC_NA_NA_2.mzML.dia					3.49289e+06	3.49289e+06					PIVTSPYQIHFTK	PIVTSPYQIHFTK	PIVTSPYQIHFTK2	2	0.00625	1	0	7871.61	7871.61	0	3.25422	3297.7	3.30825	3164.88	0	0.702219	3.86642	0.941924	2.86152	0.321793	2996;2612;8871;3209;2771;2378;	2996;2114.88;2318.73;2444.12;2760.72;1947.4;	0.946787;0.799519;0.381857;0.79557;0.810234;0.770179;
./tmp//tQC_NA_NA_2.mzML.dia					3.49289e+06	3.49289e+06					PIVTSPYQIHFTK	PIVTSPYQIHFTK	PIVTSPYQIHFTK3	3	0.00937082	1	0	2883.81	2883.81	0	3.25877	3307.2	3.31379	3172.2	0	0.640854	2.24429	0.873625	1.82833	0.122492	12537;913;2266;2097;3735;1007;	2850.21;692.455;1184.35;684.615;897.24;1007;	-0.143658;0.716306;0.408274;0.332799;0.121088;0.872361;
./tmp//tQC_NA_NA_2.mzML.dia	P01019	P01019	ANGT_HUMAN	AGT	21230	21230	21230	21230	21230	21230	PKDPTFIPAPIQAK	PKDPTFIPAPIQAK	PKDPTFIPAPIQAK2	2	0.0311332	0.0136986	1	5700.45	5700.45	0	2.5755	2200.9	2.66801	2000.18	0	0	3.34926	0.713155	1.69815	0.118008	1114;592;2377;709;1904;4458;	1114;476.661;2377;578.197;1439.11;829.474;	0.747511;0.688286;0.901084;0.679008;0.482484;0.0971813;
./tmp//tQC_NA_NA_2.mzML.dia	P01019	P01019	ANGT_HUMAN	AGT	21230	21230	21230	21230	21230	21230	PKDPTFIPAPIQAK	PKDPTFIPAPIQAK	PKDPTFIPAPIQAK3	3	0.00364299	0.0136986	1	6949.81	6949.81	0	2.56815	2198.6	2.66681	1986.8	0	-0.161973	4.00266	0.952992	3.47019	0.127446	4004;2648;3352;1679;2579;1739;	3141.64;2129.17;1826.27;1679;1239.12;596.172;	0.955158;0.957501;0.842645;0.973696;0.79446;0.490966;
./tmp//tQC_NA_NA_2.mzML.dia					3.49289e+06	3.49289e+06					PLNTIIFM(UniMod:35)GR	PLNTIIFMGR	PLNTIIFM(UniMod:35)GR2	2	0.229367	1	0	11767.5	11767.5	0	3.40892	3613.5	3.48386	3424.5	0	-0.397831	2.77422	0.313456	1.82302	0.201216	1950;3732;2479;3009;2405;4290;	1132.7;3178.86;1823.39;3009;836.439;1787.11;	0.531394;0.762086;0.477036;0.950112;-0.106707;0.219925;
./tmp//tQC_NA_NA_2.mzML.dia	P02768	P02768	ALBU_HUMAN	ALB	6.02018e+06	6.02018e+06	6.52224e+06	6.52224e+06	6.52224e+06	6.52224e+06	PLVEEPQNLIK	PLVEEPQNLIK	PLVEEPQNLIK2	2	0.00937082	0.0136986	1	5389.29	5389.29	0	3.13933	3365.5	3.35244	2946.43	0	0.102782	3.38376	0.885371	2.39211	0.0976107	2864;4521;3324;1030;3211;5933;	419.406;4521;526.037;342.251;241.462;954.491;	-0.134293;0.956787;0.235426;0.522539;-0.158242;-0.134177;
./tmp//tQC_NA_NA_2.mzML.dia					3.49289e+06	3.49289e+06					PMSIPPEVK	PMSIPPEVK	PMSIPPEVK2	2	0.00625	1	0	6411.57	6411.57	0	4.41757	4386.6	4.51168	4353.44	0	0.793814	3.52356	0.948657	1.36091	0.178368	3606;2108;1267;1998;1480;849;	3606;1830.37;975.202;824.05;481.268;166.566;	0.979612;0.885142;0.851688;0.382856;0.180734;0.386604;
./tmp//tQC_NA_NA_2.mzML.dia					3.49289e+06	3.49289e+06					PNALSALSDLHAHK	PNALSALSDLHAHK	PNALSALSDLHAHK2	2	0.0409146	1	0	16185.7	16185.7	0	3.80832	4090.2	3.79707	4086.64	0	-0.177748	3.55466	0.65623	0	-1e+07	7053;3321;2746;5316;3804;1958;	5176.01;1720;2707.72;5316;471.39;794.594;	0.786291;0.270793;0.892523;0.956145;-0.0569536;0.197363;
./tmp//tQC_NA_NA_2.mzML.dia					3.49289e+06	3.49289e+06					PNALSALSDLHAHK	PNALSALSDLHAHK	PNALSALSDLHAHK3	3	0.238777	1	0	9046.29	9046.29	0	3.72695	4142.1	3.84903	3998.62	0	0	3.39482	0.308992	1.58823	0.0995671	3600;1939;3960;4692;429;576;	2356.16;1939;3154.58;1374.94;221.621;0;	0.457239;0.917254;0.733991;0.523088;0.575006;0.375852;
./tmp//tQC_NA_NA_2.mzML.dia	P06396	P06396	GELS_HUMAN	GSN	21257.3	21257.3	21257.3	21257.3	21257.3	21257.3	PNSMVVEHPEFLK	PNSMVVEHPEFLK	PNSMVVEHPEFLK3	3	0.00220264	0.0136986	1	6262.42	6262.42	0	2.55582	2002.5	2.59002	1967.11	0	0.671611	4.43184	0.956376	1.88851	0.146789	10146;2476;2434;1560;3633;2660;	6664.08;2329.17;2165.8;1560;1563.31;2373.24;	0.559136;0.902049;0.858243;0.933654;0.320044;0.866479;
./tmp//tQC_NA_NA_2.mzML.dia					3.49289e+06	3.49289e+06					PPSASHVAPTETFTYEWTVPK	PPSASHVAPTETFTYEWTVPK	PPSASHVAPTETFTYEWTVPK3	3	0.00762195	1	0	6824.01	6824.01	0	3.24188	3172.6	3.24813	3144.72	0	-0.263696	3.01858	0.930949	0	-1e+07	2621;2987;4247;3298;2230;2898;	877.984;1928.34;2670.04;1997.67;909.03;2898;	0.378727;0.71753;0.704942;0.783205;0.417374;0.95291;
./tmp//tQC_NA_NA_2.mzML.dia					3.49289e+06	3.49289e+06					PPSGGPGFLSIERPDSRPPR	PPSGGPGFLSIERPDSRPPR	PPSGGPGFLSIERPDSRPPR3	3	0.23327	1	0	7290.97	7290.97	0	2.87018	2814.4	3.02013	2542.07	0	0.046447	3.31617	0.310917	3.02507	0.191884	3941;2192;618;1920;2058;1670;	2202.07;1297.62;618;1282.92;1160.27;730.087;	0.754271;0.723579;0.919067;0.730053;0.617716;0.511069;
./tmp//tQC_NA_NA_2.mzML.dia					3.49289e+06	3.49289e+06					PPSVVVTSHQAPGEK	PPSVVVTSHQAPGEK	PPSVVVTSHQAPGEK3	3	0.154545	1	0	4985.95	4985.95	0	1.56922	999.7	1.56809	1004.92	0	0.322033	3.38986	0.37999	4.44555	0.233967	1383;108423;3797;1869;649;908;	710.633;1734.35;234.435;1869;437.532;0;	0.294468;0.476547;0.429486;0.956149;0.703983;0.432557;
./tmp//tQC_NA_NA_2.mzML.dia					3.49289e+06	3.49289e+06					PPTSAHGNVAEGETKPDPDVTER	PPTSAHGNVAEGETKPDPDVTER	PPTSAHGNVAEGETKPDPDVTER4	4	0.00937082	1	0	1540.99	1540.99	0	1.42383	923.9	1.41027	938.596	0	-0.188799	1.94205	0.873299	2.66098	0.139038	1274;3163;456;3201;7537;203;	1274;825.282;156.886;340.251;202.31;110.103;	0.930857;0.123886;0.620628;-0.196343;-0.21651;0.676061;
./tmp//tQC_NA_NA_2.mzML.dia					3.49289e+06	3.49289e+06					PPVQAAYQK	PPVQAAYQK	PPVQAAYQK2	2	0.173439	1	0	7607.31	7607.31	0	2.28407	1796.3	2.42383	1600.68	0	-0.317277	2.23415	0.357928	2.08785	0.108716	3459;1391;6148;2487;7781;6059;	3360.9;1391;1415.83;0;6349.16;1439.58;	0.499392;0.901791;-0.286585;0.241782;0.452401;0.188072;
./tmp//tQC_NA_NA_2.mzML.dia					3.49289e+06	3.49289e+06					PSGTFEQVSQLVK	PSGTFEQVSQLVK	PSGTFEQVSQLVK2	2	0.253057	1	0	2154.34	2154.34	0	2.85785	2993.6	3.16523	2519.38	0	0.384355	2.14118	0.292072	2.2814	0.0941224	1831;406;869;1466;3848;375;	1831;88.8931;180.015;633.234;3482.19;54.4318;	0.987881;0.366311;0.280274;0.693051;0.970327;0.163353;
./tmp//tQC_NA_NA_2.mzML.dia	Q96PD5	Q96PD5	PGRP2_HUMAN	PGLYRP2	19050.9	19050.9	19050.9	19050.9	19050.9	19050.9	PSLSHLLSQYYGAGVAR	PSLSHLLSQYYGAGVAR	PSLSHLLSQYYGAGVAR3	3	0.00625	0.0136986	1	19050.9	19050.9	0	3.29835	3167.7	3.24606	3234.47	0	0.638209	4.73549	0.943672	0	-1e+07	10796;7726;8377;37934;2695;2103;	10796;6682.88;3117.42;34355.4;1866.84;1572.04;	0.967153;0.980243;0.414755;0.90055;0.937471;0.952252;
./tmp//tQC_NA_NA_2.mzML.dia					3.49289e+06	3.49289e+06					PTFIPAPIQAK	PTFIPAPIQAK	PTFIPAPIQAK2	2	0.0827068	1	0	8260.21	8260.21	0	2.85397	2662.5	2.93322	2512.31	0	0.184548	2.62397	0.477216	2.0464	0.116077	4276;8456;3683;3014;3115;4192;	4276;1030.8;769.248;512.969;1222.17;449.021;	0.955723;0.235438;0.214328;0.0303154;0.368218;-0.369622;
./tmp//tQC_NA_NA_2.mzML.dia					3.49289e+06	3.49289e+06					PTLVEVSR	PTLVEVSR	PTLVEVSR2	2	0.00220264	1	0	19373.5	19373.5	0	2.49285	2066.8	2.6162	1901.18	0	0.987028	4.38191	0.955006	0	-1e+07	9745;9128;15678;29124;7247;3481;	8050.09;9128;7307.08;6285.46;2722.95;2195.38;	0.951962;0.990844;0.456528;-0.0217779;0.473418;0.876062;
./tmp//tQC_NA_NA_2.mzML.dia	P0C0L4	P0C0L4	CO4A_HUMAN	C4A	26184	26184	26184	26184	26184	26184	PVAFSVVPTAAAAVSLK	PVAFSVVPTAAAAVSLK	PVAFSVVPTAAAAVSLK2	2	0.00220264	0.0136986	1	14745.5	14745.5	0	3.6004	4013.1	3.73208	3808.03	0	0.862229	5.36261	0.955633	0	-1e+07	9330;16896;3782;2346;4328;1783;	8900.63;11120.1;3782;2062.82;3096.16;1486.63;	0.895362;0.880484;0.916272;0.920882;0.85634;0.894605;
./tmp//tQC_NA_NA_2.mzML.dia	P0C0L4;P0C0L5	P0C0L4;P0C0L5	CO4A_HUMAN;CO4B_HUMAN	C4A;C4B	101288	101288	101288	101288			PVQGVAYVR	PVQGVAYVR	PVQGVAYVR2	2	0.00625	0.0136986	0	9629.99	9629.99	0	1.79077	1152	1.84246	1123.78	0	0.653157	3.2521	0.947763	1.7943	0.291671	6059;2594;1476;21118;2041;7804;	6059;2456.23;1114.76;5413.67;1015.04;1273.65;	0.978906;0.835794;0.856234;0.0851359;0.605674;-0.109595;
./tmp//tQC_NA_NA_2.mzML.dia	P08697	P08697	A2AP_HUMAN	SERPINF2	14446.4	14446.4	14446.4	14446.4	14446.4	14446.4	PVSLTGKQEDDLANINQWVK	PVSLTGKQEDDLANINQWVK	PVSLTGKQEDDLANINQWVK3	3	0.262326	0.0136986	1	8963.14	8963.14	0	3.57443	3249.6	3.28281	3762.18	0	0.465405	2.71456	0.284709	1.99817	0.144246	4156;1973;3868;1029;1526;17087;	2635.02;1188.5;3868;847.294;424.327;7759.92;	0.482692;0.4459;0.957748;0.164311;0.59792;0.51213;
./tmp//tQC_NA_NA_2.mzML.dia					3.49289e+06	3.49289e+06					PVTVTVHDFPGKK	PVTVTVHDFPGKK	PVTVTVHDFPGKK2	2	0.0409146	1	0	5897.17	5897.17	0	2.98118	2907.4	3.10055	2769.69	0	0.548932	2.1477	0.651854	0	-1e+07	1306;1763;2056;2240;25637;1061;	671.992;1763;971.914;944.962;1545.3;340.521;	0.600474;0.903668;0.490741;-0.163801;0.232768;0.184373;
./tmp//tQC_NA_NA_2.mzML.dia	P00450	P00450	CERU_HUMAN	CP	71879.6	71879.6	71879.6	71879.6	71879.6	71879.6	PVWLGFLGPIIK	PVWLGFLGPIIK	PVWLGFLGPIIK2	2	0.0970149	0.0136986	1	7014.72	7014.72	0	4.69408	4444.2	4.68924	4428.39	0	0.378692	3.81566	0.463834	3.99565	0.101143	1164;1970;626;7478;1142;1160;	1000.79;1970;564.28;2651.87;827.783;568.092;	0.648737;0.937084;0.635316;0.681215;0.610774;0.665809;
./tmp//tQC_NA_NA_2.mzML.dia					3.49289e+06	3.49289e+06					PYFYAPELLFFAK	PYFYAPELLFFAK	PYFYAPELLFFAK2	2	0.0085592	1	0	4851.89	4851.89	0	4.73498	4437	4.66705	4441.07	0	0.230222	2.23895	0.920863	0	-1e+07	2926;2343;2952;1090;1343;1579;	1024.05;2343;1769.15;435.407;739.736;720.488;	0.369678;0.8951;0.682188;0.458411;0.594573;0.558528;
./tmp//tQC_NA_NA_2.mzML.dia	P19827	P19827	ITIH1_HUMAN	ITIH1	39447.3	39447.3	39447.3	39447.3	39447.3	39447.3	QAVDTAVDGVFIR	QAVDTAVDGVFIR	QAVDTAVDGVFIR2	2	0.00220264	0.0136986	1	8007.47	8007.47	0	2.91908	2708.3	2.94991	2641.66	0	0.332626	4.987	0.956098	3.82033	0.288579	3481;2933;2519;2929;3419;2458;	3085.14;2670.25;2396.11;2879.22;2785.24;2458;	0.90743;0.920178;0.898392;0.916882;0.83009;0.944536;
./tmp//tQC_NA_NA_2.mzML.dia	P19827	P19827	ITIH1_HUMAN	ITIH1	39447.3	39447.3	39447.3	39447.3	39447.3	39447.3	QAVDTAVDGVFIR	QAVDTAVDGVFIR	QAVDTAVDGVFIR3	3	0.00625	0.0136986	1	8567.64	8567.64	0	2.92448	2717	2.95387	2654.21	0	0.326168	2.51536	0.949	0	-1e+07	2550;2008;3528;916;3296;2447;	2528.32;1149.58;3528;120.226;2511.32;1146.19;	0.839459;0.649359;0.931889;0.0353147;0.740293;0.204609;
./tmp//tQC_NA_NA_2.mzML.dia	P08697	P08697	A2AP_HUMAN	SERPINF2	14446.4	14446.4	14446.4	14446.4	14446.4	14446.4	QEDDLANINQWVK	QEDDLANINQWVK	QEDDLANINQWVK2	2	0.00220264	0.0136986	1	4864.22	4864.22	0	3.24232	3144.7	3.23641	3145.43	0	0.2031	3.49612	0.954166	0	-1e+07	2004;3257;1633;2335;2401;1468;	2004;1277.86;1557.33;1302.89;783.55;786.102;	0.947075;0.300514;0.85687;0.745962;0.479816;0.672654;
./tmp//tQC_NA_NA_2.mzML.dia	P05543	P05543	THBG_HUMAN	SERPINA7	7531.26	7531.26	7531.26	7531.26	7531.26	7531.26	QEINSHVEMQTK	QEINSHVEMQTK	QEINSHVEMQTK2	2	0.19902	0.0136986	1	2542.81	2542.81	0	1.3784	904.1	1.36929	918.203	0	0.377195	2.31849	0.335185	3.49945	0.251634	642;1252;185960;926;3353;	642;444.164;1041.48;415.166;1813.54;	0.931984;0.459175;0.50191;0.251843;0.689359;
./tmp//tQC_NA_NA_2.mzML.dia	P05543	P05543	THBG_HUMAN	SERPINA7	7531.26	7531.26	7531.26	7531.26	7531.26	7531.26	QEINSHVEMQTK	QEINSHVEMQTK	QEINSHVEMQTK3	3	0.0709534	0.0136986	1	10013.8	10013.8	0	1.37103	905.6	1.37238	914.879	0	-0.200125	2.43344	0.52657	1.41109	0.109883	5104;4410;161349;822;706;11552;	2928.27;807.748;2101.84;434.09;706;3741.81;	0.765706;0.186617;-0.0418731;0.659474;0.844775;0.322288;
./tmp//tQC_NA_NA_2.mzML.dia	P01024	P01024	CO3_HUMAN	C3	153839	153839	153839	153839	153839	153839	QELSEAEQATR	QELSEAEQATR	QELSEAEQATR2	2	0.00220264	0.0136986	1	10787.4	10787.4	0	1.37537	904.6	1.37032	916.835	0	0.749435	5.67085	0.956985	1.76777	0.108852	4613;3667;3296;2734;3066;2999;	4358.34;3133.02;3296;2515.13;2678.03;1692.32;	0.969355;0.972266;0.956702;0.954202;0.926004;0.854976;
./tmp//tQC_NA_NA_2.mzML.dia	P01876	P01876	IGHA1_HUMAN	IGHA1	699331	699331	699331	699331	699331	699331	QEPSQGTTTFAVTSILR	QEPSQGTTTFAVTSILR	QEPSQGTTTFAVTSILR3	3	0.00220264	0.0136986	1	76280.6	76280.6	0	3.37278	3440	3.40332	3356.24	0	0.848807	5.84572	0.956348	2.91109	0.0932349	64157;46587;42993;18744;24897;9643;	63401.3;46531.1;42993;17464.1;24507.8;8779.83;	0.973071;0.968016;0.975762;0.974595;0.975612;0.980276;
./tmp//tQC_NA_NA_2.mzML.dia	P05546	P05546	HEP2_HUMAN	SERPIND1	18971.3	18971.3	18971.3	18971.3	18971.3	18971.3	QFPILLDFK	QFPILLDFK	QFPILLDFK2	2	0.00220264	0.0136986	1	14738.3	14738.3	0	4.06167	4244.2	4.06981	4237.47	0	0.40009	4.97171	0.954822	2.31744	0.0918721	6358;5026;3872;4639;4311;1464;	6195.08;4671.25;3872;3998.86;2700.02;1255.18;	0.943809;0.945824;0.961582;0.856409;0.738853;0.923197;
./tmp//tQC_NA_NA_2.mzML.dia	P01023	P01023	A2MG_HUMAN	A2M	171027	171027	171027	171027	171027	171027	QFSFPLSSEPFQGSYK	QFSFPLSSEPFQGSYK	QFSFPLSSEPFQGSYK3	3	0.00364299	0.0136986	1	22474.7	22474.7	0	3.6071	3838.6	3.60697	3819.5	0	0.51112	3.44351	0.950343	2.94881	0.39017	14130;5090;2251;10622;5228;4674;	14130;1546.29;2155.66;3756.33;4604.63;3740.03;	0.974185;0.359212;0.733159;0.42908;0.928479;0.743145;
./tmp//tQC_NA_NA_2.mzML.dia	P13797;Q14651	P13797;Q14651	PLSI_HUMAN;PLST_HUMAN	PLS1;PLS3	3165.91	3165.91	3165.91	3165.91			QFVTPADVVSGNPK	QFVTPADVVSGNPK	QFVTPADVVSGNPK2	2	0.452703	1	0	3165.91	3165.91	0	2.61165	2222.6	2.67969	2065.9	0	0.396941	2.54262	0.193418	2.71336	0.15301	1578;778;677;1880;1367;1780;	1578;239.982;237.37;418.997;591.707;518.855;	0.93834;0.313644;0.402351;0.2424;0.480027;0.194767;
./tmp//tQC_NA_NA_2.mzML.dia	P04114	P04114	APOB_HUMAN	APOB	43710.3	43710.3	43710.3	43710.3	43710.3	43710.3	QGFFPDSVNK	QGFFPDSVNK	QGFFPDSVNK2	2	0.0311332	0.0136986	1	26422.4	26422.4	0	2.54522	1898.1	2.49874	1952.6	0	0.382847	3.09061	0.716387	3.03758	0.695922	11589;33589;9922;19750;5522;56802;	11589;4978.31;3850.01;3296.22;2818.21;3186.88;	0.987865;0.504335;0.391257;-0.224261;0.44801;0.462544;
./tmp//tQC_NA_NA_2.mzML.dia	P02790	P02790	HEMO_HUMAN	HPX	304223	304223	304223	304223	304223	304223	QGHNSVFLIK	QGHNSVFLIK	QGHNSVFLIK2	2	0.00364299	0.0136986	1	14823.3	14823.3	0	2.18757	1456.3	2.14697	1475.96	0	0.926597	3.63726	0.951984	3.13288	0.138479	5187;6866;5332;19893;4334;10571;	5187;6041.91;3998.84;6124.1;3594.42;2939.06;	0.949648;0.914759;0.812365;0.135668;0.893762;0.0867869;
./tmp//tQC_NA_NA_2.mzML.dia	P01023	P01023	A2MG_HUMAN	A2M	171027	171027	171027	171027	171027	171027	QGIPFFGQVR	QGIPFFGQVR	QGIPFFGQVR2	2	0.00220264	0.0136986	1	169914	169914	0	3.42082	3342.5	3.33615	3449.1	0	0.991535	5.87307	0.956072	1.85586	0.138533	127135;58467;17409;26680;14891;10763;	127135;57522.2;16441.5;26337.6;13305.8;8921.55;	0.981972;0.974591;0.986775;0.990519;0.977117;0.976203;
./tmp//tQC_NA_NA_2.mzML.dia	P02647	P02647	APOA1_HUMAN	APOA1	1.27836e+06	1.27836e+06	1.27836e+06	1.27836e+06	1.27836e+06	1.27836e+06	QGLLPVLESFK	QGLLPVLESFK	QGLLPVLESFK2	2	0.00220264	0.0136986	1	1.15927e+06	1.15927e+06	0	3.94007	4174.7	3.90223	4178.76	0	0.998365	5.96072	0.956386	3.25494	0.131736	901977;516263;139839;160365;118088;84773;	901977;516263;139839;160269;117454;84657.3;	0.99854;0.990345;0.990998;0.989759;0.993007;0.98665;
./tmp//tQC_NA_NA_2.mzML.dia	Q16610	Q16610	ECM1_HUMAN	ECM1	4394.72	4394.72	4394.72	4394.72	4394.72	4394.72	QHVVYGPWNLPQSSYSHLTR	QHVVYGPWNLPQSSYSHLTR	QHVVYGPWNLPQSSYSHLTR4	4	0.143003	0.045977	1	8410.87	8410.87	0	3.00195	2560	2.90143	2795.9	0	0.0657589	2.17599	0.390616	2.55933	0.220955	4267;2581;3451;1513;2049;1546;	3113.83;1769.83;2174.47;1513;983.063;626.51;	0.751737;0.573697;0.432363;0.881097;0.310035;0.325903;
./tmp//tQC_NA_NA_2.mzML.dia	P01009	P01009	A1AT_HUMAN	SERPINA1	589664	589664	589664	589664	589664	589664	QINDYVEKGTQGK	QINDYVEKGTQGK	QINDYVEKGTQGK3	3	0.256075	0.0136986	1	3545.01	3545.01	0	1.54412	967.4	1.50114	993.136	0	0.132617	2.7934	0.288274	1.55754	0.093976	1243;22869;1829;2231;2986;3659;	1243;6247.56;597.226;349.647;542.073;813.067;	0.962521;0.303976;0.627849;0.335172;0.177346;0.246905;
./tmp//tQC_NA_NA_2.mzML.dia	P32119;Q06830	P32119;Q06830	PRDX1_HUMAN;PRDX2_HUMAN	PRDX1;PRDX2	5596.36	5596.36	5596.36	5596.36			QITVNDLPVGR	QITVNDLPVGR	QITVNDLPVGR2	2	0.411715	1	0	5596.36	5596.36	0	2.64473	2198.1	2.66655	2113.41	0	0.000465636	3.13021	0.205321	1.49885	0.130246	1933;9585;1770;901;3378;2434;	1933;1874.83;1023.97;603.821;90.3543;1945.22;	0.935267;0.431894;0.411364;0.473995;0.382694;0.572603;
./tmp//tQC_NA_NA_2.mzML.dia	P01024	P01024	CO3_HUMAN	C3	153839	153839	153839	153839	153839	153839	QKPDGVFQEDAPVIHQEMIGGLR	QKPDGVFQEDAPVIHQEMIGGLR	QKPDGVFQEDAPVIHQEMIGGLR4	4	0.00220264	0.0136986	1	44599.6	44599.6	0	3.01602	2851.1	3.05147	2810.45	0	0.889593	4.69658	0.955243	2.24016	0.311129	23579;17808;11826;108181;8196;9468;	18782;17808;6688.3;12752.4;8009.65;7350.96;	0.965941;0.971502;0.763604;-0.0767286;0.966534;0.962175;
./tmp//tQC_NA_NA_2.mzML.dia	Q14624	Q14624	ITIH4_HUMAN	ITIH4	53564.2	53564.2	53564.2	53564.2	53564.2	53564.2	QLGLPGPPDVPDHAAYHPFR	QLGLPGPPDVPDHAAYHPFR	QLGLPGPPDVPDHAAYHPFR3	3	0.00220264	0.0136986	1	8533.19	8533.19	0	2.90762	2716.4	2.95358	2616.25	0	0	4.57376	0.955202	0	-1e+07	1609;1474;1533;4294;1928;2847;	1272.36;1392.19;924.763;4294;699.409;2847;	0.788675;0.809705;0.730478;0.867915;0.384902;0.913923;
./tmp//tQC_NA_NA_2.mzML.dia	Q14624	Q14624	ITIH4_HUMAN	ITIH4	53564.2	53564.2	53564.2	53564.2	53564.2	53564.2	QLGLPGPPDVPDHAAYHPFR	QLGLPGPPDVPDHAAYHPFR	QLGLPGPPDVPDHAAYHPFR4	4	0.00937082	0.0136986	1	6502.23	6502.23	0	2.91432	2719.3	2.95498	2630.9	0	-0.265474	2.53883	0.865903	1.98877	0.106069	5884;2812;3223;3941;2387;1439;	2756.67;1970.74;1793.18;2861.52;2387;1253.71;	0.121416;0.598045;0.552114;0.700241;0.962627;0.770212;
./tmp//tQC_NA_NA_2.mzML.dia	Q14624	Q14624	ITIH4_HUMAN	ITIH4	53564.2	53564.2	53564.2	53564.2	53564.2	53564.2	QLGLPGPPDVPDHAAYHPFRR	QLGLPGPPDVPDHAAYHPFRR	QLGLPGPPDVPDHAAYHPFRR3	3	0.3383	0.0136986	1	4123	4123	0	2.73627	2324.6	2.7443	2261.04	0	0.266492	2.15044	0.236874	2.49039	0.158328	824;3030;3294;1548;176;1248;	824;1734.56;817.841;507.389;21.775;217.432;	0.897839;0.504186;-0.108754;0.149052;0.109788;-0.0902983;
./tmp//tQC_NA_NA_2.mzML.dia	Q14624	Q14624	ITIH4_HUMAN	ITIH4	53564.2	53564.2	53564.2	53564.2	53564.2	53564.2	QLGLPGPPDVPDHAAYHPFRR	QLGLPGPPDVPDHAAYHPFRR	QLGLPGPPDVPDHAAYHPFRR4	4	0.111228	0.0136986	1	10674.9	10674.9	0	2.69363	2324.2	2.74402	2181.68	0	0.332598	1.9444	0.441324	3.06652	0.131811	18487;4041;1357;1647;3483;4121;	4817.42;816.286;176.525;225.563;518.113;4121;	0.280229;0.0896664;0.188546;0.218445;0.272937;0.977664;
./tmp//tQC_NA_NA_2.mzML.dia	P00751	P00751	CFAB_HUMAN	CFB	29006.3	29006.3	29006.3	29006.3	29006.3	29006.3	QLNEINYEDHK	QLNEINYEDHK	QLNEINYEDHK2	2	0.00220264	0.0136986	1	4699.29	4699.29	0	1.59952	1006.1	1.58119	1019.46	0	0.640408	4.68274	0.954564	3.81616	0.2736	1546;2221;2094;1255;2903;2696;	1546;2004.86;992.161;1148.44;1318.15;1398.81;	0.952428;0.823542;0.704005;0.872086;0.637811;0.753492;
./tmp//tQC_NA_NA_2.mzML.dia	P00751	P00751	CFAB_HUMAN	CFB	29006.3	29006.3	29006.3	29006.3	29006.3	29006.3	QLNEINYEDHK	QLNEINYEDHK	QLNEINYEDHK3	3	0.00625	0.0136986	1	7247.41	7247.41	0	1.60492	1007.3	1.58364	1022.09	0	-0.238497	3.37939	0.947484	2.52951	0.115921	6895;2776;3785;2605;1726;2809;	3378.55;2776;3184.94;1899.25;1286.47;2082.51;	0.428424;0.96003;0.877585;0.779428;0.816346;0.807002;
./tmp//tQC_NA_NA_2.mzML.dia	P01019	P01019	ANGT_HUMAN	AGT	21230	21230	21230	21230	21230	21230	QPFVQGLALYTPVVLPR	QPFVQGLALYTPVVLPR	QPFVQGLALYTPVVLPR3	3	0.00625	0.0136986	1	6888.1	6888.1	0	4.15017	4310.6	4.27156	4277.29	0	-0.175151	4.66612	0.946322	1.27012	0.0962598	4186;5662;1836;1401;2198;1672;	3971.04;1439.18;1337.19;1401;1516.06;1235.16;	0.970112;0.235698;0.944122;0.981134;0.95358;0.938465;
./tmp//tQC_NA_NA_2.mzML.dia	P01024	P01024	CO3_HUMAN	C3	153839	153839	153839	153839	153839	153839	QPSSAFAAFVK	QPSSAFAAFVK	QPSSAFAAFVK2	2	0.00220264	0.0136986	1	19852.9	19852.9	0	2.92752	2503.8	2.87805	2661.44	0	0.516496	5.74614	0.95647	3.31816	0.200181	12848;6566;6933;7719;8438;8559;	12848;5859.77;5903.87;6301.46;7327.9;8089.23;	0.959349;0.96678;0.968872;0.930669;0.954561;0.980932;
./tmp//tQC_NA_NA_2.mzML.dia	P01024	P01024	CO3_HUMAN	C3	153839	153839	153839	153839	153839	153839	QPVPGQQMTLK	QPVPGQQMTLK	QPVPGQQMTLK2	2	0.00625	0.0136986	1	13036.2	13036.2	0	1.9299	1283.8	1.99033	1230.78	0	0.534571	4.79192	0.946963	3.10039	0.170206	6342;5395;163644;1756;1715;3701;	6310.02;5011.17;104.944;1401.46;1715;1765.36;	0.891543;0.910784;0.437287;0.866916;0.960567;0.728364;
./tmp//tQC_NA_NA_2.mzML.dia	P01023	P01023	A2MG_HUMAN	A2M	171027	171027	171027	171027	171027	171027	QQNAQGGFSSTQDTVVALHALSK	QQNAQGGFSSTQDTVVALHALSK	QQNAQGGFSSTQDTVVALHALSK3	3	0.00220264	0.0136986	1	28960.6	28960.6	0	2.86002	2593.2	2.91223	2523.33	0	0.87665	5.56022	0.956376	2.36492	0.798879	9635;11470;8075;4291;9157;11676;	9635;11365.7;7959.88;4069.06;7472.75;7155.91;	0.956444;0.964694;0.967949;0.955616;0.913902;0.827563;
./tmp//tQC_NA_NA_2.mzML.dia	P00450	P00450	CERU_HUMAN	CP	71879.6	71879.6	71879.6	71879.6	71879.6	71879.6	QSEDSTFYLGER	QSEDSTFYLGER	QSEDSTFYLGER2	2	0.00220264	0.0136986	1	7333.79	7333.79	0	2.38965	1680.7	2.35568	1771.09	0	0.776672	5.45379	0.956234	3.24354	0.310765	3908;3076;3393;2679;4020;1857;	3292.31;2742.52;3393;2378.03;2136.56;1562.75;	0.906058;0.948886;0.957302;0.952548;0.723024;0.960794;
./tmp//tQC_NA_NA_2.mzML.dia	P12111	P12111	CO6A3_HUMAN	COL6A3	6324.39	6324.39	6324.39	6324.39	6324.39	6324.39	QSGVVPFIFQAK	QSGVVPFIFQAK	QSGVVPFIFQAK2	2	0.605816	0.0531915	1	12066.1	12066.1	0	3.7194	3644.3	3.4968	3988.85	0	0.0678348	2.89493	0.146982	1.81836	0.17967	4998;942;2512;4202;2023;2589;	4947.45;195.934;1570.81;4202;106.649;1043.24;	0.926082;0.372631;0.356637;0.964417;0.00140476;0.37124;
./tmp//tQC_NA_NA_2.mzML.dia	P02769	P02769	ALBU_BOVIN	ALB	12446.1	12446.1	6.52224e+06	6.52224e+06	6.52224e+06	6.52224e+06	QTALVELLK	QTALVELLK	QTALVELLK2	2	0.324779	0.0136986	1	12446.1	12446.1	0	3.09843	2982.5	3.15824	2885.1	0	0.930818	3.55244	0.246065	3.55438	0.842151	6950;965;4940;1721;5041;72914;	6950;390.366;3738.29;305.66;1061.83;72914;	0.966799;0.68544;0.895488;0.066129;0.193995;0.939218;
./tmp//tQC_NA_NA_2.mzML.dia	P02768	P02768	ALBU_HUMAN	ALB	6.02018e+06	6.02018e+06	6.52224e+06	6.52224e+06	6.52224e+06	6.52224e+06	QTALVELVK	QTALVELVK	QTALVELVK2	2	0.00364299	0.0136986	1	4.23201e+06	4.23201e+06	0	2.6787	2284.7	2.71703	2159.56	0	0.952456	5.95279	0.953415	2.71646	0.113442	1.9168e+06;983455;1.33176e+06;750653;345900;315601;	1.9168e+06;983455;1.33176e+06;750653;345900;315551;	0.99266;0.995623;0.992465;0.983286;0.993776;0.987424;
./tmp//tQC_NA_NA_2.mzML.dia	Q12805	Q12805	FBLN3_HUMAN	EFEMP1	27205.6	27205.6	27205.6	27205.6	27205.6	27205.6	QTSPVSAMLVLVK	QTSPVSAMLVLVK	QTSPVSAMLVLVK2	2	0.630943	0.196262	1	2565.28	2565.28	0	3.64627	4132.1	3.83681	3883.54	0	0.722441	2.56706	0.141777	2.21044	0.0890291	1722;596;757;38;900;622;	1722;140.165;462.361;0;262.148;240.753;	0.867485;0.233306;0.493419;0.0765372;0.450896;0.281932;
./tmp//tQC_NA_NA_2.mzML.dia	P04114	P04114	APOB_HUMAN	APOB	43710.3	43710.3	43710.3	43710.3	43710.3	43710.3	QVFLYPEKDEPTYILNIK	QVFLYPEKDEPTYILNIK	QVFLYPEKDEPTYILNIK3	3	0.00220264	0.0136986	1	17378.5	17378.5	0	3.537	3762.6	3.55663	3692.27	0	0.118994	4.54411	0.9555	0	-1e+07	9691;4257;2445;4264;1589;5257;	9691;4127.44;2445;2714.87;1536.51;5242.5;	0.943409;0.869667;0.905267;0.369407;0.829818;0.913822;
./tmp//tQC_NA_NA_2.mzML.dia	P04114	P04114	APOB_HUMAN	APOB	43710.3	43710.3	43710.3	43710.3	43710.3	43710.3	QVFLYPEKDEPTYILNIKR	QVFLYPEKDEPTYILNIKR	QVFLYPEKDEPTYILNIKR3	3	0.056582	0.0136986	1	1404.63	1404.63	0	3.24232	3189.5	3.25534	3145.43	0	0.133717	1.96906	0.583443	0	-1e+07	1724;834;993;298;321;160;	459.989;834;0;64.1442;46.4987;0;	-0.0879689;0.928427;-0.508023;0.484603;0.41008;0.443006;
./tmp//tQC_NA_NA_2.mzML.dia	P01871	P01871	IGHM_HUMAN	IGHM	70959.5	70959.5	70959.5	70959.5	70959.5	70959.5	QVGSGVTTDQVQAEAK	QVGSGVTTDQVQAEAK	QVGSGVTTDQVQAEAK2	2	0.00220264	0.0136986	1	13486.3	13486.3	0	1.63955	1051.4	1.67128	1039.31	0	0.0797874	5.70958	0.956703	0	-1e+07	6918;3615;3037;3109;3181;2373;	6918;3526.21;2682.24;2828.74;3042.06;2158.57;	0.970956;0.966836;0.940375;0.950198;0.96701;0.958605;
./tmp//tQC_NA_NA_2.mzML.dia	P13598	P13598	ICAM2_HUMAN	ICAM2	2653.33	2653.33	2653.33	2653.33	2653.33	2653.33	QVILTLQPTLVAVGK	QVILTLQPTLVAVGK	QVILTLQPTLVAVGK2	2	0.103814	0.352941	1	2653.33	2653.33	0	3.59997	4058.8	3.76958	3807.29	0	-0.0618991	2.85504	0.451926	1.02479	0.118421	832;388;309;3028;331;297;	485.125;388;102.213;1349;186.093;142.897;	0.521331;0.802615;0.427371;0.354648;0.423868;0.5775;
./tmp//tQC_NA_NA_2.mzML.dia	P35527	P35527	K1C9_HUMAN	KRT9	15170.6	15170.6	15170.6	15170.6	15170.6	15170.6	QVLDNLTM(UniMod:35)EK	QVLDNLTMEK	QVLDNLTM(UniMod:35)EK2	2	0.357266	0.166667	1	5810.34	5810.34	0	2.37342	1429	2.12037	1743.38	0	0.165542	3.31623	0.228337	2.17443	0.159486	2539;1918;2065;3295;1647;1973;	1190.94;390.729;2065;665.737;928.929;569.003;	0.441791;0.0684827;0.956675;0.303805;0.787509;0.157386;
./tmp//tQC_NA_NA_2.mzML.dia	P35527	P35527	K1C9_HUMAN	KRT9	15170.6	15170.6	15170.6	15170.6	15170.6	15170.6	QVLDNLTMEK	QVLDNLTMEK	QVLDNLTMEK2	2	0.520885	0.166667	1	5383.35	5383.35	0	2.3611	1800.4	2.42627	1722.7	0	0.315666	2.07638	0.169187	2.56047	0.322941	1379;1082;4196;2038;2122;2572;	224.871;84.8267;1029.75;400.768;1071.13;2572;	0.25213;-0.115519;0.0620933;0.150825;0.668661;0.916904;
./tmp//tQC_NA_NA_2.mzML.dia	P80108	P80108	PHLD_HUMAN	GPLD1	5881.52	5881.52	5881.52	5881.52	5881.52	5881.52	QVLLVGAPTYDDVSK	QVLLVGAPTYDDVSK	QVLLVGAPTYDDVSK2	2	0.0167526	0.025	1	7839.95	7839.95	0	2.88512	2732	2.96162	2570.41	0	0.137544	2.05072	0.793224	0	-1e+07	2233;1969;2379;3431;846;781;	2233;1302.91;1639.15;2167.61;357.131;140.146;	0.876945;0.461538;0.549033;0.326542;0.496936;0.00969035;
./tmp//tQC_NA_NA_2.mzML.dia					3.49289e+06	3.49289e+06					QVQLVESGGGVVQPGR	QVQLVESGGGVVQPGR	QVQLVESGGGVVQPGR2	2	0.0085592	1	0	12917.7	12917.7	0	3.25508	3000.6	3.16936	3166.28	0	0.391928	2.16884	0.920759	0	-1e+07	4601;6986;6568;3740;8801;4494;	731.128;6906.16;2271.51;3740;295.802;2000.18;	-0.103663;0.867878;0.348881;0.976188;-0.16213;0.0780063;
./tmp//tQC_NA_NA_2.mzML.dia	P01024	P01024	CO3_HUMAN	C3	153839	153839	153839	153839	153839	153839	QVREPGQDLVVLPLSITTDFIPSFR	QVREPGQDLVVLPLSITTDFIPSFR	QVREPGQDLVVLPLSITTDFIPSFR4	4	0.00220264	0.0136986	1	9836.86	9836.86	0	4.88037	4474.5	4.78265	4486.11	0	0.397265	5.51271	0.955633	0	-1e+07	6644;1596;2234;2914;2418;2221;	6644;1387.21;1805.65;2145.08;1853.33;1643.83;	0.991605;0.939058;0.955817;0.930171;0.93596;0.933089;
./tmp//tQC_NA_NA_2.mzML.dia					3.49289e+06	3.49289e+06					QVSTPTLVEVSR	QVSTPTLVEVSR	QVSTPTLVEVSR2	2	0.00220264	1	0	45813.6	45813.6	0	2.39982	1913.7	2.51421	1788.68	0	0.915307	5.77883	0.956509	2.32289	0.13028	32884;26033;5998;8289;8160;5969;	32884;25850.2;4805.05;8124.55;5898.52;4920.01;	0.976889;0.965978;0.985505;0.9698;0.937218;0.930172;
./tmp//tQC_NA_NA_2.mzML.dia	P01042	P01042	KNG1_HUMAN	KNG1	55344.2	55344.2	55344.2	55344.2	55344.2	55344.2	QVVAGLNFR	QVVAGLNFR	QVVAGLNFR2	2	0.00220264	0.0136986	1	43286.9	43286.9	0	2.59237	2061.9	2.61463	2033.14	0	0.203729	5.61964	0.956345	2.80485	0.115897	27729;26065;30643;11132;6065;4738;	27008.5;26058;21636.8;11132;5146.38;3682.46;	0.955353;0.950938;0.856674;0.961055;0.951514;0.93324;
./tmp//tQC_NA_NA_2.mzML.dia					3.49289e+06	3.49289e+06					QWPQGPSAVDAAFSWEEK	QWPQGPSAVDAAFSWEEK	QWPQGPSAVDAAFSWEEK3	3	0.0679502	1	0	23136.1	23136.1	0	3.6586	3819.1	3.5939	3902.62	0	0.0682097	3.76762	0.551714	4.13927	0.1982	5069;5008;1670;7271;3410;4120;	5069;3821.28;860.942;7271;2258.28;3855.62;	0.982335;0.737776;0.442416;0.918472;0.763034;0.808613;
./tmp//tQC_NA_NA_2.mzML.dia	P02751	P02751	FINC_HUMAN	FN1	21839.1	21839.1	21839.1	21839.1	21839.1	21839.1	QYNVGPSVSKYPLR	QYNVGPSVSKYPLR	QYNVGPSVSKYPLR2	2	0.103082	0.0136986	1	2658.47	2658.47	0	2.18217	1492	2.18299	1471.01	0	0.2674	3.25839	0.454832	3.55379	0.134631	1134;381;343;1709;837;1429;	1134;145.91;63.1265;739.509;77.6463;498.279;	0.890091;0.413707;0.255577;0.376408;-0.190869;0.519005;
./tmp//tQC_NA_NA_2.mzML.dia	P00450	P00450	CERU_HUMAN	CP	71879.6	71879.6	71879.6	71879.6	71879.6	71879.6	QYTDSTFR	QYTDSTFR	QYTDSTFR2	2	0.00625	0.0136986	1	17569.9	17569.9	0	1.53222	980.7	1.52884	987.618	0	0.0467702	4.10743	0.941928	3.21572	0.268769	9453;48668;5563;2736;2150;6847;	9270.93;14470.3;5563;2736;1695.74;2074.3;	0.894349;0.0649704;0.916122;0.951742;0.8292;0.0475653;
./tmp//tQC_NA_NA_2.mzML.dia	P00450	P00450	CERU_HUMAN	CP	71879.6	71879.6	71879.6	71879.6	71879.6	71879.6	QYTDSTFRVPVER	QYTDSTFRVPVER	QYTDSTFRVPVER3	3	0.0131752	0.0136986	1	5590.11	5590.11	0	2.3466	1704.5	2.37097	1698.73	0	-0.195234	2.40484	0.827304	4.40367	0.320686	1399;858;2087;2663;4308;879;	1133.97;858;709.437;531.595;2033.51;323.607;	0.902388;0.978833;0.74049;0.0871906;0.860685;0.518588;
./tmp//tQC_NA_NA_2.mzML.dia	P19827	P19827	ITIH1_HUMAN	ITIH1	39447.3	39447.3	39447.3	39447.3	39447.3	39447.3	QYYEGSEIVVAGR	QYYEGSEIVVAGR	QYYEGSEIVVAGR2	2	0.00220264	0.0136986	1	10375.8	10375.8	0	2.32842	1707.9	2.37305	1669.3	0	0.278023	5.2459	0.956076	0	-1e+07	4994;3575;3654;2289;2703;2788;	4880.07;3575;3019.58;1920.78;2095.02;2345.75;	0.951039;0.972735;0.945372;0.960294;0.904276;0.938879;
./tmp//tQC_NA_NA_2.mzML.dia	P01024	P01024	CO3_HUMAN	C3	153839	153839	153839	153839	153839	153839	RAPSTWLTAYVVK	RAPSTWLTAYVVK	RAPSTWLTAYVVK2	2	0.00220264	0.0136986	1	4837.26	4837.26	0	3.10537	2767.6	2.98408	2893.42	0	0.200716	4.33611	0.954078	1.93593	0.240989	3935;1037;3095;2331;1321;2811;	1997.17;1037;1803.09;1029.96;533.536;774.604;	0.720976;0.93702;0.721166;0.666739;0.709083;0.605893;
./tmp//tQC_NA_NA_2.mzML.dia	P01024	P01024	CO3_HUMAN	C3	153839	153839	153839	153839	153839	153839	RAPSTWLTAYVVK	RAPSTWLTAYVVK	RAPSTWLTAYVVK3	3	0.00364299	0.0136986	1	12794.7	12794.7	0	3.11033	2777.3	2.99103	2899.83	0	-0.110726	3.8395	0.951314	3.55142	0.569637	4345;5460;5577;3339;6792;4896;	4345;3721.89;4727.82;2182.3;2024.35;1786.62;	0.947957;0.804031;0.868521;0.720836;0.0368233;0.4487;
./tmp//tQC_NA_NA_2.mzML.dia	Q16610	Q16610	ECM1_HUMAN	ECM1	4394.72	4394.72	4394.72	4394.72	4394.72	4394.72	RAPYPNYDRDILTIDIGR	RAPYPNYDRDILTIDIGR	RAPYPNYDRDILTIDIGR4	4	0.0085592	0.045977	1	4394.72	4394.72	0	3.03765	2785.3	2.997	2829.69	0	0.206635	2.43215	0.923261	1.57125	0.191581	3254;1354;3154;4781;2095;1967;	2102.16;1039.12;1776.64;1685.12;1388.6;1967;	0.449406;0.637834;0.373278;0.189564;0.485301;0.934208;
./tmp//tQC_NA_NA_2.mzML.dia	P11142	P11142	HSP7C_HUMAN	HSPA8	5944.74	5944.74	5944.74	5944.74	5944.74	5944.74	RFDDAVVQSDM(UniMod:35)K	RFDDAVVQSDMK	RFDDAVVQSDM(UniMod:35)K2	2	0.343231	0.338983	1	1205.57	1205.57	0	1.56295	1007.5	1.58405	1001.96	0	0.2496	3.3223	0.233593	3.07836	0.152022	7940;3340;1706;780;7840;719;	7940;517.21;948.853;666.235;623.28;256.717;	0.963795;0.0576953;0.777638;0.891959;0.0592267;0.593682;
./tmp//tQC_NA_NA_2.mzML.dia	P04040	P04040	CATA_HUMAN	CAT	3618.64	3618.64	3618.64	3618.64	3618.64	3618.64	RFNTANDDNVTQVR	RFNTANDDNVTQVR	RFNTANDDNVTQVR3	3	0.213178	0.166667	1	1056.39	1056.39	0	1.52118	980.5	1.52843	982.537	0	0.273704	1.90798	0.323186	0	-1e+07	879;438;1245;7982;327;2745;	879;0;334.177;1480.63;81.5402;722.21;	0.895419;0.135776;0.315278;-0.105214;0.203032;0.15102;
./tmp//tQC_NA_NA_2.mzML.dia	P0C0L4;P0C0L5	P0C0L4;P0C0L5	CO4A_HUMAN;CO4B_HUMAN	C4A;C4B	101288	101288	101288	101288			RGHLFLQTDQPIYNPGQR	RGHLFLQTDQPIYNPGQR	RGHLFLQTDQPIYNPGQR3	3	0.00220264	0.0136986	0	18330.1	18330.1	0	2.56188	1930.7	2.53272	1976.38	0	0.121548	4.88484	0.956673	2.17732	0.138357	8669;6813;4783;3181;3135;5444;	8669;6596.65;4297.1;3005.43;3064.4;4934.49;	0.993446;0.956638;0.920699;0.937303;0.938004;0.934461;
./tmp//tQC_NA_NA_2.mzML.dia	P0C0L4;P0C0L5	P0C0L4;P0C0L5	CO4A_HUMAN;CO4B_HUMAN	C4A;C4B	101288	101288	101288	101288			RGHLFLQTDQPIYNPGQR	RGHLFLQTDQPIYNPGQR	RGHLFLQTDQPIYNPGQR4	4	0.00364299	0.0136986	0	26517.5	26517.5	0	2.55668	1901.3	2.5018	1968.39	0	0.0439325	5.21531	0.951153	3.17039	0.265468	14295;6453;20556;6805;18437;3932;	13893.5;6453;12974.1;6171.05;7647.29;3170.48;	0.978926;0.991776;0.711057;0.956704;0.295283;0.903849;
./tmp//tQC_NA_NA_2.mzML.dia	P0C0L4;P0C0L5	P0C0L4;P0C0L5	CO4A_HUMAN;CO4B_HUMAN	C4A;C4B	101288	101288	101288	101288			RHLVPGAPFLLQALVR	RHLVPGAPFLLQALVR	RHLVPGAPFLLQALVR3	3	0.0085592	0.0136986	0	5877.64	5877.64	0	3.86565	4075.2	3.78375	4132.72	0	-0.101391	4.57841	0.913886	2.80271	0.117225	2375;1775;1987;2349;1094;1008;	2033.63;1775;1341.88;2069.01;901.378;768.457;	0.752293;0.928877;0.749268;0.814478;0.744135;0.732587;
./tmp//tQC_NA_NA_2.mzML.dia	P43652	P43652	AFAM_HUMAN	AFM	17731	17731	17731	17731	17731	17731	RHPDLSIPELLR	RHPDLSIPELLR	RHPDLSIPELLR2	2	0.0085592	0.0136986	1	4377.91	4377.91	0	2.98162	2680.3	2.93921	2770.3	0	0.115916	3.25935	0.924691	1.58517	0.103321	991;1128;5722;881;2019;1874;	991;698.723;2688.19;344.625;813.811;926.451;	0.961159;0.70968;0.56516;0.487012;0.327402;0.33486;
./tmp//tQC_NA_NA_2.mzML.dia	P43652	P43652	AFAM_HUMAN	AFM	17731	17731	17731	17731	17731	17731	RHPDLSIPELLR	RHPDLSIPELLR	RHPDLSIPELLR3	3	0.00625	0.0136986	1	17731	17731	0	2.98658	2679.2	2.93882	2777.16	0	-0.0417815	4.0835	0.946987	4.19971	0.152569	10571;5943;11575;23388;2937;2357;	10571;4694.33;4256.85;3460.45;2465.66;1664.93;	0.987874;0.920848;0.255872;-0.0994625;0.906267;0.832013;
./tmp//tQC_NA_NA_2.mzML.dia	P02768	P02768	ALBU_HUMAN	ALB	6.02018e+06	6.02018e+06	6.52224e+06	6.52224e+06	6.52224e+06	6.52224e+06	RHPDYSVVLL	RHPDYSVVLL	RHPDYSVVLL2	2	0.00220264	0.0136986	1	15936.8	15936.8	0	2.89138	2433.9	2.83295	2582.74	0	0.73825	3.29984	0.953913	2.89139	0.477565	6067;5770;3688;4370;4324;1511;	5996.24;5616.53;2885.96;3433.53;4324;1371.57;	0.876931;0.870057;0.691021;0.799071;0.935309;0.83201;
./tmp//tQC_NA_NA_2.mzML.dia	P02768	P02768	ALBU_HUMAN	ALB	6.02018e+06	6.02018e+06	6.52224e+06	6.52224e+06	6.52224e+06	6.52224e+06	RHPDYSVVLLLR	RHPDYSVVLLLR	RHPDYSVVLLLR2	2	0.00625	0.0136986	1	866735	866735	0	2.94505	2718.6	2.95464	2704.04	0	0.99577	5.94304	0.946377	2.63229	0.359952	410665;378600;530659;194434;75502;77858;	410665;378494;530121;194356;75128.4;77576;	0.989848;0.989618;0.985764;0.986262;0.988442;0.993898;
./tmp//tQC_NA_NA_2.mzML.dia	P02768	P02768	ALBU_HUMAN	ALB	6.02018e+06	6.02018e+06	6.52224e+06	6.52224e+06	6.52224e+06	6.52224e+06	RHPDYSVVLLLR	RHPDYSVVLLLR	RHPDYSVVLLLR3	3	0.0106242	0.0136986	1	1.10298e+07	1.10298e+07	0	2.95002	3012.6	3.17597	2714.93	0	0.967396	5.94161	0.843114	2.32483	0.0939874	3.14771e+06;2.9283e+06;1.34139e+06;1.55009e+06;1.10715e+06;960099;	3.1476e+06;2.92516e+06;1.34139e+06;1.54982e+06;1.10582e+06;960018;	0.988893;0.98528;0.991453;0.991833;0.987043;0.987989;
./tmp//tQC_NA_NA_2.mzML.dia	P02768;P02769	P02768;P02769	ALBU_BOVIN;ALBU_HUMAN	ALB	6.52224e+06	6.52224e+06	6.52224e+06	6.52224e+06	6.52224e+06	6.52224e+06	RHPYFYAPELL	RHPYFYAPELL	RHPYFYAPELL2	2	0.00220264	0.0136986	1	31670.9	31670.9	0	3.32648	3099.3	3.21721	3278.76	0	0.930079	5.61069	0.956514	3.24666	0.22324	18489;8971;6407;7279;5871;5948;	17897.9;8971;5711.24;6963.2;4379.57;4801.93;	0.9587;0.986266;0.95529;0.940815;0.921539;0.9606;
./tmp//tQC_NA_NA_2.mzML.dia	P02768	P02768	ALBU_HUMAN	ALB	6.02018e+06	6.02018e+06	6.52224e+06	6.52224e+06	6.52224e+06	6.52224e+06	RHPYFYAPELLF	RHPYFYAPELLF	RHPYFYAPELLF2	2	0.00220264	0.0136986	1	24254.5	24254.5	0	3.88318	4037.7	3.75192	4144.76	0	0.801107	5.39105	0.956506	0	-1e+07	12088;8387;4906;7759;7639;5411;	12088;7848.92;4317.54;5235.53;5043.03;3865.08;	0.962842;0.959828;0.921197;0.824648;0.866958;0.88465;
./tmp//tQC_NA_NA_2.mzML.dia	P02768	P02768	ALBU_HUMAN	ALB	6.02018e+06	6.02018e+06	6.52224e+06	6.52224e+06	6.52224e+06	6.52224e+06	RHPYFYAPELLF	RHPYFYAPELLF	RHPYFYAPELLF3	3	0.00220264	0.0136986	1	31407.2	31407.2	0	3.88772	4040.6	3.75431	4147.74	0	0.306211	5.68242	0.956512	2.39193	0.13733	16738;9469;9356;13097;5687;5798;	16738;9202.72;9146.89;12262.7;4722.91;5466.44;	0.980979;0.978497;0.969524;0.94873;0.937329;0.977374;
./tmp//tQC_NA_NA_2.mzML.dia	P02768	P02768	ALBU_HUMAN	ALB	6.02018e+06	6.02018e+06	6.52224e+06	6.52224e+06	6.52224e+06	6.52224e+06	RHPYFYAPELLFF	RHPYFYAPELLFF	RHPYFYAPELLFF3	3	0.00220264	0.0136986	1	74619.7	74619.7	0	4.4814	4346.4	4.38598	4368.1	0	0.0689137	5.90427	0.954066	2.47343	0.0921517	62217;52278;35195;50557;25858;13966;	61922.2;52228.3;35195;50490.2;25722.6;13702.2;	0.980038;0.972679;0.9859;0.983757;0.990763;0.984239;
./tmp//tQC_NA_NA_2.mzML.dia	P02768	P02768	ALBU_HUMAN	ALB	6.02018e+06	6.02018e+06	6.52224e+06	6.52224e+06	6.52224e+06	6.52224e+06	RHPYFYAPELLFFAK	RHPYFYAPELLFFAK	RHPYFYAPELLFFAK4	4	0.00625	0.0136986	1	6.02018e+06	6.02018e+06	0	3.89918	4175.9	3.90455	4155.04	0	0.40584	5.92668	0.937612	2.6735	0.174775	1.5521e+06;2.48886e+06;1.97971e+06;1.47808e+06;1.38045e+06;1.7992e+06;	1.5521e+06;2.4885e+06;1.97959e+06;1.47806e+06;1.37989e+06;1.79903e+06;	0.988107;0.985748;0.986073;0.98403;0.979347;0.982965;
./tmp//tQC_NA_NA_2.mzML.dia	P02768	P02768	ALBU_HUMAN	ALB	6.02018e+06	6.02018e+06	6.52224e+06	6.52224e+06	6.52224e+06	6.52224e+06	RHPYFYAPELLFFAKR	RHPYFYAPELLFFAKR	RHPYFYAPELLFFAKR3	3	0.118503	0.0136986	1	29345.9	29345.9	0	3.6216	3749.9	3.54899	3843.81	0	0.144274	4.45871	0.424277	4.71337	0.468404	3143;7409;11697;1933;1720;9736;	3143;5851.6;9714.69;1933;1720;6983.57;	0.864571;0.77501;0.782021;0.804876;0.916123;0.774453;
./tmp//tQC_NA_NA_2.mzML.dia	P02768	P02768	ALBU_HUMAN	ALB	6.02018e+06	6.02018e+06	6.52224e+06	6.52224e+06	6.52224e+06	6.52224e+06	RHPYFYAPELLFFAKR	RHPYFYAPELLFFAKR	RHPYFYAPELLFFAKR4	4	0.109359	0.0136986	1	8559.76	8559.76	0	3.85072	3808.5	3.58681	4121.77	0	0	2.26861	0.443926	2.79071	0.285511	5825;1379;2882;17420;6764;1392;	2581.37;1017.35;1201.5;1036.08;1331.46;1392;	0.183041;0.763643;0.353298;-0.253505;-0.309831;0.934034;
./tmp//tQC_NA_NA_2.mzML.dia	Q08380	Q08380	LG3BP_HUMAN	LGALS3BP	22201.1	22201.1	22201.1	22201.1	22201.1	22201.1	RIDITLSSVK	RIDITLSSVK	RIDITLSSVK2	2	0.139487	0.41129	1	22201.1	22201.1	0	2.2369	1722.7	2.38186	1533.17	0	0.655288	4.3388	0.395504	2.21347	0.169406	2916;8943;2475;2973;6749;1018;	2551.61;8912;1225.36;2973;6197.57;341.556;	0.876405;0.956178;0.379597;0.982206;0.911376;0.624877;
./tmp//tQC_NA_NA_2.mzML.dia	P01024	P01024	CO3_HUMAN	C3	153839	153839	153839	153839	153839	153839	RIPIEDGSGEVVLSR	RIPIEDGSGEVVLSR	RIPIEDGSGEVVLSR2	2	0.00364299	0.0136986	1	11499.1	11499.1	0	2.44115	1956.4	2.55802	1852.41	0	0.734765	5.09148	0.951415	3.39706	0.31639	16909;5906;1771;2737;4655;1676;	7456.91;5906;1291.65;2322.47;3270.6;1310.88;	0.729604;0.9727;0.776982;0.871754;0.84928;0.816417;
./tmp//tQC_NA_NA_2.mzML.dia	P01024	P01024	CO3_HUMAN	C3	153839	153839	153839	153839	153839	153839	RIPIEDGSGEVVLSR	RIPIEDGSGEVVLSR	RIPIEDGSGEVVLSR3	3	0.00220264	0.0136986	1	31202.5	31202.5	0	2.43335	1957.2	2.55871	1842.62	0	-0.0854356	5.40761	0.954376	3.71311	0.358565	21865;13324;13286;8306;9624;22926;	21865;13319.9;13272.5;8306;9624;9643.44;	0.957319;0.951029;0.965044;0.983113;0.958759;0.600609;
./tmp//tQC_NA_NA_2.mzML.dia	P07358	P07358	CO8B_HUMAN	C8B	11169.4	11169.4	11169.4	11169.4	11169.4	11169.4	RLPLEYSYGEYR	RLPLEYSYGEYR	RLPLEYSYGEYR3	3	0.00762195	0.0136986	1	8046.12	8046.12	0	2.58048	1925.7	2.52711	2010.04	0	-0.109555	3.30782	0.932316	2.36498	0.102315	4213;3242;3324;2212;1758;2868;	2580.53;3242;3145.34;1658.79;1483.64;1180.01;	0.438403;0.945062;0.862874;0.752327;0.741486;0.473313;
./tmp//tQC_NA_NA_2.mzML.dia	P02790	P02790	HEMO_HUMAN	HPX	304223	304223	304223	304223	304223	304223	RLWWLDLK	RLWWLDLK	RLWWLDLK2	2	0.00220264	0.0136986	1	67656.3	67656.3	0	3.65513	3714.7	3.52964	3897.31	0	0.988866	5.78639	0.954527	2.92556	0.26648	56241;37264;7005;9078;7185;6021;	56241;35798.2;5876.37;7673.81;5538.94;4226.47;	0.976285;0.964211;0.983897;0.955527;0.969862;0.958455;
./tmp//tQC_NA_NA_2.mzML.dia	P01011	P01011	AACT_HUMAN	SERPINA3	138152	138152	138152	138152	138152	138152	RLYGSEAFATDFQDSAAAK	RLYGSEAFATDFQDSAAAK	RLYGSEAFATDFQDSAAAK3	3	0.00220264	0.0136986	1	11551.8	11551.8	0	2.69667	2164.9	2.65008	2186.44	0	-0.119105	4.95042	0.956547	0	-1e+07	7468;4163;5017;3445;3813;4255;	7166.05;3540.19;5017;2994.61;2735.71;3250.56;	0.881218;0.921235;0.910552;0.910644;0.792178;0.828443;
./tmp//tQC_NA_NA_2.mzML.dia	P01011	P01011	AACT_HUMAN	SERPINA3	138152	138152	138152	138152	138152	138152	RLYGSEAFATDFQDSAAAKK	RLYGSEAFATDFQDSAAAKK	RLYGSEAFATDFQDSAAAKK3	3	0.0179487	0.0136986	1	6372.05	6372.05	0	2.48832	1772.4	2.41005	1897.44	0	0.049282	2.60904	0.783935	0	-1e+07	1735;1349;3360;1333;1612;1725;	1735;610.13;1792.63;654.011;1007.6;572.683;	0.898188;0.553545;0.436962;0.608694;0.563082;0.350612;
./tmp//tQC_NA_NA_2.mzML.dia	P01011	P01011	AACT_HUMAN	SERPINA3	138152	138152	138152	138152	138152	138152	RLYGSEAFATDFQDSAAAKK	RLYGSEAFATDFQDSAAAKK	RLYGSEAFATDFQDSAAAKK4	4	0.0344828	0.0136986	1	19428.7	19428.7	0	2.48268	1774.9	2.41146	1892.76	0	0.167805	3.21309	0.696587	2.68734	0.242997	6323;3024;1561;3926;8705;4223;	3315.44;1825.82;761.881;598.932;8703.63;4223;	0.392066;0.570678;0.483947;0.0578608;0.951036;0.967511;
./tmp//tQC_NA_NA_2.mzML.dia	P06681	P06681	CO2_HUMAN	C2	9218.82	9218.82	9218.82	9218.82	9218.82	9218.82	RNDYLDIYAIGVGK	RNDYLDIYAIGVGK	RNDYLDIYAIGVGK2	2	0.0191327	0.0136986	1	8334.75	8334.75	0	3.18067	3055.2	3.19735	3033.91	0	0.131487	2.19608	0.764782	1.53662	0.26936	5463;2990;1159;2534;2358;5211;	2764.5;382.347;1159;1234.12;1299.78;1495.01;	0.131165;0.211444;0.905113;0.276123;0.247723;0.501107;
./tmp//tQC_NA_NA_2.mzML.dia	P06681	P06681	CO2_HUMAN	C2	9218.82	9218.82	9218.82	9218.82	9218.82	9218.82	RNDYLDIYAIGVGK	RNDYLDIYAIGVGK	RNDYLDIYAIGVGK3	3	0.00364299	0.0136986	1	7269.07	7269.07	0	3.1852	3046.3	3.1931	3042.93	0	-0.138635	3.64285	0.952583	1.67674	0.105934	3289;2966;2514;2832;2524;1608;	3289;2096.35;1883.72;1331.99;1615.3;1122.86;	0.952559;0.789818;0.727539;0.219678;0.489874;0.603536;
./tmp//tQC_NA_NA_2.mzML.dia	P02751	P02751	FINC_HUMAN	FN1	21839.1	21839.1	21839.1	21839.1	21839.1	21839.1	RPGGEPSPEGTTGQSYNQYSQR	RPGGEPSPEGTTGQSYNQYSQR	RPGGEPSPEGTTGQSYNQYSQR3	3	0.00220264	0.0136986	1	5180.67	5180.67	0	1.55278	957.9	1.48129	997.182	0	0.731498	4.48684	0.953883	2.73197	0.2925	2049;3145;1186;1397;9212;888;	1555.9;3145;961.886;1073.79;2690.51;355.07;	0.816299;0.973636;0.84335;0.825859;0.35275;0.543685;
./tmp//tQC_NA_NA_2.mzML.dia	P02748	P02748	CO9_HUMAN	C9	16717.4	16717.4	16717.4	16717.4	16717.4	16717.4	RPWNVASLIYETK	RPWNVASLIYETK	RPWNVASLIYETK2	2	0.00220264	0.0136986	1	5075.52	5075.52	0	3.30398	3080.3	3.20887	3243.27	0	0.55881	3.98204	0.954324	0	-1e+07	1986;2108;1996;1860;3128;3722;	1986;1884.07;1359.62;1205.45;1930.91;1696.48;	0.972174;0.868932;0.720564;0.798854;0.747163;0.286819;
./tmp//tQC_NA_NA_2.mzML.dia	P02748	P02748	CO9_HUMAN	C9	16717.4	16717.4	16717.4	16717.4	16717.4	16717.4	RPWNVASLIYETK	RPWNVASLIYETK	RPWNVASLIYETK3	3	0.00364299	0.0136986	1	16717.4	16717.4	0	3.30852	3073.6	3.20585	3250.37	0	-0.0207807	4.5529	0.952899	3.04821	0.203328	6667;6310;5475;4993;4613;7174;	6667;5822.16;4770.04;4228.24;2705.51;2863.41;	0.985681;0.950766;0.92338;0.960335;0.674245;0.582704;
./tmp//tQC_NA_NA_2.mzML.dia	P08603;Q02985	P08603;Q02985	CFAH_HUMAN;FHR3_HUMAN	CFH;CFHR3	11984.4	11984.4	11984.4	11984.4			RPYFPVAVGK	RPYFPVAVGK	RPYFPVAVGK2	2	0.00220264	0.0136986	0	11984.4	11984.4	0	2.3109	1632.6	2.3191	1641.65	0	0.516201	3.78373	0.954646	4.42047	0.824021	7821;3889;6408;3195;4061;11758;	5282.11;3889;2150.28;2813.31;2147.81;949.52;	0.674884;0.957699;0.214461;0.800786;0.538876;-0.12242;
./tmp//tQC_NA_NA_2.mzML.dia	P00450	P00450	CERU_HUMAN	CP	71879.6	71879.6	71879.6	71879.6	71879.6	71879.6	RQSEDSTFYLGER	RQSEDSTFYLGER	RQSEDSTFYLGER2	2	0.00220264	0.0136986	1	3561.1	3561.1	0	2.09542	1311.3	2.01533	1405.25	0	0.401323	4.26915	0.954565	0	-1e+07	1521;1717;1619;960;639;967;	1521;1487.23;357.389;540.575;552.874;739.917;	0.960407;0.894037;0.176152;0.789904;0.828929;0.826401;
./tmp//tQC_NA_NA_2.mzML.dia	P00450	P00450	CERU_HUMAN	CP	71879.6	71879.6	71879.6	71879.6	71879.6	71879.6	RQSEDSTFYLGER	RQSEDSTFYLGER	RQSEDSTFYLGER3	3	0.0085592	0.0136986	1	13441	13441	0	2.09995	1302	2.00699	1408.72	0	0.23362	4.71946	0.912123	4.62074	0.334672	7716;5233;5136;3669;5032;5810;	6516.18;5115.75;5123.06;3669;4656.25;4521.21;	0.897044;0.929207;0.920288;0.967263;0.953605;0.828422;
./tmp//tQC_NA_NA_2.mzML.dia	P02774	P02774	VTDB_HUMAN	GC	53475.6	53475.6	53475.6	53475.6	53475.6	53475.6	RTHLPEVFLSK	RTHLPEVFLSK	RTHLPEVFLSK2	2	0.0085592	0.0136986	1	17262.7	17262.7	0	2.42492	1600.9	2.29114	1830.84	0	0.845566	4.96685	0.926156	2.59536	0.211704	4704;4081;10739;3051;1893;6431;	3094.08;4081;10664.6;2517.07;1153.83;3784.37;	0.675241;0.949462;0.809853;0.898306;0.763143;0.645388;
./tmp//tQC_NA_NA_2.mzML.dia	P01008	P01008	ANT3_HUMAN	SERPINC1	262560	262560	262560	262560	262560	262560	RVAEGTQVLELPFK	RVAEGTQVLELPFK	RVAEGTQVLELPFK2	2	0.056582	0.0136986	1	5216.7	5216.7	0	3.119	2905.6	3.09901	2912	0	-0.167515	2.25751	0.585294	2.20334	0.208206	1526;969;1211;1193;890;2435;	1526;538.566;801.671;437.289;479.394;1433.78;	0.892098;0.325549;0.559141;0.179093;0.609025;0.338955;
./tmp//tQC_NA_NA_2.mzML.dia	P01008	P01008	ANT3_HUMAN	SERPINC1	262560	262560	262560	262560	262560	262560	RVAEGTQVLELPFK	RVAEGTQVLELPFK	RVAEGTQVLELPFK3	3	0.0546512	0.0136986	1	3266.96	3266.96	0	3.19753	2907.4	3.10055	3066.71	0	0	2.11093	0.592182	0	-1e+07	3464;1961;2612;1062;1911;3840;	0;1961;213.832;145.582;293.413;653.13;	0.00557896;0.939417;0.0743426;0.148109;0.283756;0.177837;
./tmp//tQC_NA_NA_2.mzML.dia					3.49289e+06	3.49289e+06					RVDPVNFK	RVDPVNFK	RVDPVNFK2	2	0.360345	1	0	6522.83	6522.83	0	2.07442	1565	2.25688	1387.98	0	0.480683	1.96895	0.225845	0	-1e+07	3011;2832;8048;3749;2647;10665;	1564.82;2832;697.987;339.497;438.278;650.244;	0.355005;0.913099;0.469625;-0.0996853;0.197981;0.186386;
./tmp//tQC_NA_NA_2.mzML.dia					3.49289e+06	3.49289e+06					SALTSDNHGATYAFSGTHYWR	SALTSDNHGATYAFSGTHYWR	SALTSDNHGATYAFSGTHYWR4	4	0.241706	1	0	15806.9	15806.9	0	2.6813	1933.2	2.53546	2163.28	0	-0.119647	3.63049	0.301385	2.99658	0.335515	2140;1103;2522;4073;3835;5635;	513.003;606.851;2279.93;3533.86;3835;5038.25;	0.0418193;0.446535;0.747577;0.691358;0.954878;0.775311;
./tmp//tQC_NA_NA_2.mzML.dia	P01023	P01023	A2MG_HUMAN	A2M	171027	171027	171027	171027	171027	171027	SASNMAIVDVK	SASNMAIVDVK	SASNMAIVDVK2	2	0.00220264	0.0136986	1	35356.7	35356.7	0	2.1999	1565.7	2.25757	1488.08	0	0.439459	4.86559	0.956281	2.96197	0.233673	15843;10890;11607;8464;9069;10080;	15739.6;10635.6;9211.9;8464;8981.48;7843.04;	0.979867;0.970009;0.900456;0.968432;0.987445;0.901945;
./tmp//tQC_NA_NA_2.mzML.dia	P01876;P01877	P01876;P01877	IGHA1_HUMAN;IGHA2_HUMAN	IGHA1;IGHA2	887093	887093	887093	887093			SAVQGPPER	SAVQGPPER	SAVQGPPER2	2	0.00220264	0.0136986	0	342829	342829	0	1.03805	772.2	1.10427	757.006	0	0.920858	5.83166	0.95614	1.95611	0.124188	253146;147466;79294;28448;12345;59650;	251753;147085;79225.6;28448;11850.3;56402.5;	0.973681;0.966959;0.96986;0.967628;0.981658;0.965891;
./tmp//tQC_NA_NA_2.mzML.dia	P68871	P68871	HBB_HUMAN	HBB	17784.1	17784.1	17784.1	17784.1	17784.1	17784.1	SAVTALWGK	SAVTALWGK	SAVTALWGK2	2	0.00364299	0.0136986	1	17784.1	17784.1	0	2.7025	2134.4	2.63744	2195.89	0	-0.0582299	4.25322	0.953584	0	-1e+07	11048;5419;5151;5174;2742;53931;	11048;3006.27;5130.93;4125.75;1605.15;7569.44;	0.944492;0.911749;0.940935;0.93389;0.943387;-0.00463556;
./tmp//tQC_NA_NA_2.mzML.dia	P68871	P68871	HBB_HUMAN	HBB	17784.1	17784.1	17784.1	17784.1	17784.1	17784.1	SAVTALWGKVNVDEVGGEALGR	SAVTALWGKVNVDEVGGEALGR	SAVTALWGKVNVDEVGGEALGR3	3	0.0457746	0.0136986	1	6844.52	6844.52	0	3.59867	3670.2	3.5082	3805.04	0	0.166044	2.19122	0.606345	1.85968	0.372887	3346;2285;2315;2411;2826;4323;	3346;786.5;1400.65;535.732;775.635;3723.57;	0.939565;0.139977;0.491235;-0.175815;-0.0860374;0.746396;
./tmp//tQC_NA_NA_2.mzML.dia	Q08380	Q08380	LG3BP_HUMAN	LGALS3BP	22201.1	22201.1	22201.1	22201.1	22201.1	22201.1	SDLAVPSELALLK	SDLAVPSELALLK	SDLAVPSELALLK2	2	0.348958	0.41129	1	28913.4	28913.4	0	3.64627	3925.9	3.66695	3883.54	0	-0.0979862	4.10098	0.23198	4.81129	0.236096	1621;21590;7124;971;766;8043;	247.52;21590;6410.39;358.264;307.269;8043;	0.292734;0.961428;0.920718;0.664931;0.676418;0.975618;
./tmp//tQC_NA_NA_2.mzML.dia					3.49289e+06	3.49289e+06					SDQIHFFFAK	SDQIHFFFAK	SDQIHFFFAK2	2	0.330986	1	0	9118.54	9118.54	0	2.99048	2709.8	2.95056	2782.25	0	0.265255	2.04808	0.241525	2.30085	0.112697	3330;4138;3191;2830;938;2971;	1513.84;3390.52;676.101;2830;708.074;840.532;	-0.314002;0.671963;0.0764954;0.931334;0.465698;0.00818625;
./tmp//tQC_NA_NA_2.mzML.dia	P06727	P06727	APOA4_HUMAN	APOA4	59703.7	59703.7	59703.7	59703.7	59703.7	59703.7	SELTQQLNALFQDK	SELTQQLNALFQDK	SELTQQLNALFQDK2	2	0.00364299	0.0136986	1	19163.4	19163.4	0	3.84705	4025	3.74158	4118.97	0	0.945483	4.04498	0.952898	2.21605	0.0969818	7787;5393;8517;6282;6693;3513;	7416.47;5107.59;8517;6124.59;1764.04;3229.92;	0.973642;0.951625;0.977079;0.970415;0.525005;0.973658;
./tmp//tQC_NA_NA_2.mzML.dia	P08185	P08185	CBG_HUMAN	SERPINA6	14512.3	14512.3	14512.3	14512.3	14512.3	14512.3	SETEIHQGFQHLHQLFAK	SETEIHQGFQHLHQLFAK	SETEIHQGFQHLHQLFAK4	4	0.484219	0.0136986	1	21056.8	21056.8	0	2.50735	2320.5	2.74138	1913.39	0	0.016787	3.41802	0.180912	3.6953	0.13586	324;11408;609;5789;5381;5263;	0;11095.9;276.584;2721.63;5381;1581.68;	0.284545;0.969796;0.395768;0.497459;0.982678;0.23512;
./tmp//tQC_NA_NA_2.mzML.dia	P0C0L4;P0C0L5	P0C0L4;P0C0L5	CO4A_HUMAN;CO4B_HUMAN	C4A;C4B	101288	101288	101288	101288			SFFPENWLWR	SFFPENWLWR	SFFPENWLWR2	2	0.00220264	0.0136986	0	43163.9	43163.9	0	4.33732	4303.9	4.25028	4334.77	0	0.951649	5.56723	0.956059	1.79956	0.098492	25716;11729;6418;9276;9776;7115;	25716;11729;5718.86;7024.1;5811.65;5500.75;	0.994517;0.985403;0.979004;0.929015;0.62686;0.945261;
./tmp//tQC_NA_NA_2.mzML.dia	P05543	P05543	THBG_HUMAN	SERPINA7	7531.26	7531.26	7531.26	7531.26	7531.26	7531.26	SFMLLILER	SFMLLILER	SFMLLILER2	2	0.00364299	0.0136986	1	7531.26	7531.26	0	4.19732	4279.9	4.17528	4294.74	0	-0.0415088	5.61738	0.953581	0	-1e+07	3094;2454;2157;3904;2257;2024;	3094;2336.3;2100.96;2198.88;2040.2;1323.55;	0.97148;0.983666;0.976476;0.705163;0.944111;0.927982;
./tmp//tQC_NA_NA_2.mzML.dia	P51888	P51888	PRELP_HUMAN	PRELP	1952.04	1952.04	1952.04	1952.04	1952.04	1952.04	SFPNLAFIR	SFPNLAFIR	SFPNLAFIR2	2	0.281279	0.627737	1	1952.04	1952.04	0	3.51817	3660.5	3.50386	3655.43	0	0.0642483	1.93881	0.273112	0	-1e+07	1690;321;1881;1312;1274;1385;	434.569;321;546.947;111.096;145.853;392.578;	0.641264;0.709896;0.208813;0.0874818;-0.153464;0.608417;
./tmp//tQC_NA_NA_2.mzML.dia	P07225	P07225	PROS_HUMAN	PROS1	20861.7	20861.7	20861.7	20861.7	20861.7	20861.7	SFQTGLFTAAR	SFQTGLFTAAR	SFQTGLFTAAR2	2	0.00625	0.0136986	1	5845.89	5845.89	0	2.87905	2451.4	2.8464	2558.75	0	0.146057	3.68698	0.945082	0	-1e+07	4177;3396;14236;3478;1346;402785;	2509.85;1990.04;1890.17;1974.48;1346;2517.77;	0.774677;0.732406;0.264586;0.525412;0.914163;0.188245;
./tmp//tQC_NA_NA_2.mzML.dia	P02790	P02790	HEMO_HUMAN	HPX	304223	304223	304223	304223	304223	304223	SGAQATWTELPWPH	SGAQATWTELPWPH	SGAQATWTELPWPH2	2	0.0809061	0.0136986	1	14374.8	14374.8	0	3.76028	3784.6	3.57082	4038.36	0	0.173619	3.7743	0.479394	0	-1e+07	2201;4601;2727;2998;4496;2865;	719.744;4466.85;2284.58;1250.74;2787.94;2865;	0.181455;0.815128;0.785675;0.271551;0.72707;0.95828;
./tmp//tQC_NA_NA_2.mzML.dia	P02790	P02790	HEMO_HUMAN	HPX	304223	304223	304223	304223	304223	304223	SGAQATWTELPWPHEK	SGAQATWTELPWPHEK	SGAQATWTELPWPHEK3	3	0.00220264	0.0136986	1	137420	137420	0	3.20013	2976	3.15392	3071.59	0	0.880766	5.89053	0.956475	1.908	0.215221	59363;71410;21774;9360;9895;7429;	59313;71232.4;18370;9360;8770.05;6874.26;	0.989894;0.992855;0.941252;0.985873;0.967567;0.990087;
./tmp//tQC_NA_NA_2.mzML.dia	P04196	P04196	HRG_HUMAN	HRG	26183.3	26183.3	26183.3	26183.3	26183.3	26183.3	SGFPQVSMFFTHTFPK	SGFPQVSMFFTHTFPK	SGFPQVSMFFTHTFPK3	3	0.00220264	0.0136986	1	12590.9	12590.9	0	4.01407	4180.1	3.91284	4215.46	0	0.355819	5.09419	0.95472	1.94148	0.181108	4468;5303;2949;4294;6190;6191;	4468;5248.23;2874.72;3698.41;4442.61;4947.94;	0.978757;0.962462;0.956048;0.855525;0.777527;0.833036;
./tmp//tQC_NA_NA_2.mzML.dia	P01024	P01024	CO3_HUMAN	C3	153839	153839	153839	153839	153839	153839	SGIPIVTSPYQIH	SGIPIVTSPYQIH	SGIPIVTSPYQIH2	2	0.140369	0.0136986	1	8900.72	8900.72	0	3.4868	3122.7	3.22719	3591.68	0	-0.120202	3.0681	0.394788	2.88839	0.283252	2628;2594;2671;3761;2504;2681;	545.706;1135.41;630.751;3115.54;792.317;2681;	-0.0550499;0.309192;-0.086748;0.818916;0.372804;0.962122;
./tmp//tQC_NA_NA_2.mzML.dia	P01024	P01024	CO3_HUMAN	C3	153839	153839	153839	153839	153839	153839	SGIPIVTSPYQIHFTK	SGIPIVTSPYQIHFTK	SGIPIVTSPYQIHFTK3	3	0.00220264	0.0136986	1	52492.1	52492.1	0	3.24903	3330.9	3.32847	3156.46	0	0.872346	5.87541	0.954782	2.54743	0.125431	33943;21847;24562;14637;16326;26435;	33943;21734.1;24092.8;14586.3;16171.8;26099.8;	0.977068;0.978135;0.970726;0.981515;0.983678;0.974801;
./tmp//tQC_NA_NA_2.mzML.dia	P04217	P04217	A1BG_HUMAN	A1BG	57438.7	57438.7	57438.7	57438.7	57438.7	57438.7	SGLSTGWTQLSK	SGLSTGWTQLSK	SGLSTGWTQLSK2	2	0.00220264	0.0136986	1	40225.7	40225.7	0	2.63327	2050.7	2.61088	2097.73	0	0.897843	5.36602	0.956639	2.31723	0.141443	23276;22758;10998;25436;6584;13863;	23276;19325.4;10707.6;16501.9;6242.18;6003.51;	0.960586;0.889087;0.948808;0.80511;0.955033;0.421478;
./tmp//tQC_NA_NA_2.mzML.dia	P04217	P04217	A1BG_HUMAN	A1BG	57438.7	57438.7	57438.7	57438.7	57438.7	57438.7	SGLSTGWTQLSKLLELTGPK	SGLSTGWTQLSKLLELTGPK	SGLSTGWTQLSKLLELTGPK3	3	0.0426035	0.0136986	1	7341.47	7341.47	0	4.5474	4357.3	4.42057	4384.47	0	-0.154379	2.13678	0.62479	0	-1e+07	2390;265;2039;6318;4338;2249;	2390;0;1227.62;1239.18;693.77;1790.89;	0.91903;-0.235494;0.683105;-0.138506;-0.179747;0.772791;
./tmp//tQC_NA_NA_2.mzML.dia	Q12805	Q12805	FBLN3_HUMAN	EFEMP1	27205.6	27205.6	27205.6	27205.6	27205.6	27205.6	SGNENGEFYLR	SGNENGEFYLR	SGNENGEFYLR2	2	0.0419162	0.196262	1	27205.6	27205.6	0	2.18973	1488.4	2.17932	1478	0	0.00908339	3.18119	0.643495	0	-1e+07	3320;2670;2633;3194;6474;29458;	3320;735.191;985.182;507.575;4068.61;17589.1;	0.934383;0.511099;0.414833;0.36118;0.527014;0.439989;
./tmp//tQC_NA_NA_2.mzML.dia	P01024	P01024	CO3_HUMAN	C3	153839	153839	153839	153839	153839	153839	SGQSEDRQPVPGQQM(UniMod:35)TLK	SGQSEDRQPVPGQQMTLK	SGQSEDRQPVPGQQM(UniMod:35)TLK3	3	0.0085592	0.0136986	1	1119.01	1119.01	0	1.36433	1044.2	1.65733	911.848	0	0	3.90705	0.929821	3.08401	0.124116	730;672;238;199;237;825;	730;319.664;238;151.007;71.3012;118.025;	0.975728;0.777369;0.913401;0.808625;0.643212;0.47844;
./tmp//tQC_NA_NA_2.mzML.dia	P01024	P01024	CO3_HUMAN	C3	153839	153839	153839	153839	153839	153839	SGQSEDRQPVPGQQMTLK	SGQSEDRQPVPGQQMTLK	SGQSEDRQPVPGQQMTLK3	3	0.00220264	0.0136986	1	85703.2	85703.2	0	1.80787	1137.7	1.82144	1134.8	0	0.983176	5.80253	0.956517	3.46845	0.193134	57164;21811;11329;7204;9092;5164;	57164;21811;11329;6728.18;8956.77;4965.3;	0.977031;0.978913;0.972029;0.980851;0.974322;0.961621;
./tmp//tQC_NA_NA_2.mzML.dia	A6NHG4;P30046	A6NHG4;P30046	DDTL_HUMAN;DOPD_HUMAN	DDT;DDTL	6543.2	6543.2	6543.2	6543.2			SHSAHFFEFLTK	SHSAHFFEFLTK	SHSAHFFEFLTK3	3	0.056582	1	0	6543.2	6543.2	0	2.77693	2291.2	2.72129	2361.16	0	0.168553	2.04708	0.582564	3.31635	0.181683	1636;3650;6669;848;2330;513;	963.877;984.69;3691.14;52.1167;338.372;513;	0.665141;0.479076;0.347841;0.138129;0.302877;0.836195;
./tmp//tQC_NA_NA_2.mzML.dia	P02748	P02748	CO9_HUMAN	C9	16717.4	16717.4	16717.4	16717.4	16717.4	16717.4	SIEVFGQFNGKR	SIEVFGQFNGKR	SIEVFGQFNGKR2	2	0.239504	0.0136986	1	7309.03	7309.03	0	2.64777	1863.2	2.46874	2117.49	0	-0.095036	2.46035	0.307463	1.82388	0.145236	2021;3133;2737;1297;3490;2142;	598.871;3133;868.514;384.738;1859.48;464.421;	0.118532;0.972415;0.471048;0.339812;0.675625;-0.0200562;
./tmp//tQC_NA_NA_2.mzML.dia					3.49289e+06	3.49289e+06					SINTHPSQKPLSITVR	SINTHPSQKPLSITVR	SINTHPSQKPLSITVR3	3	0.348958	1	0	4371.43	4371.43	0	2.336	1730.9	2.38661	1681.49	0	0.68121	1.90378	0.231825	0	-1e+07	1095;8201;995;829;1851;2131;	1095;2008.88;243;190.07;558.228;276.25;	0.966995;0.155669;0.354049;0.303707;0.11197;-0.1156;
./tmp//tQC_NA_NA_2.mzML.dia					3.49289e+06	3.49289e+06					SITTDFIPSFR	SITTDFIPSFR	SITTDFIPSFR2	2	0.00220264	1	0	12791.6	12791.6	0	3.5463	3652.7	3.50043	3710.05	0	-0.00282266	4.69383	0.955902	2.66811	0.137121	6826;3583;4562;2965;4118;3079;	6826;3322.62;3388.89;2642.94;2833.31;2142.18;	0.971205;0.905309;0.86299;0.903163;0.779704;0.822172;
./tmp//tQC_NA_NA_2.mzML.dia	Q96IY4	Q96IY4	CBPB2_HUMAN	CPB2	7338.24	7338.24	7338.24	7338.24	7338.24	7338.24	SKDHEELSLVASEAVR	SKDHEELSLVASEAVR	SKDHEELSLVASEAVR3	3	0.00937082	0.0531915	1	7338.24	7338.24	0	2.27433	1562.4	2.25432	1586.27	0	0.636933	3.54213	0.902532	3.17417	0.409529	2744;3241;2606;1417;2764;2604;	2630.32;3241;1347.31;914.378;1466.92;764.32;	0.810724;0.949548;0.667496;0.597385;0.675542;-0.121557;
./tmp//tQC_NA_NA_2.mzML.dia	P02787	P02787	TRFE_HUMAN	TF	590578	590578	590578	590578	590578	590578	SKEFQLFSSPHGK	SKEFQLFSSPHGK	SKEFQLFSSPHGK2	2	0.00220264	0.0136986	1	25961.2	25961.2	0	2.15577	1312.6	2.01649	1449.32	0	0.832461	5.79105	0.95568	0	-1e+07	10363;14257;8699;7648;13472;9554;	9983.13;14108.2;8330.12;7648;12407.9;8415.39;	0.976537;0.944993;0.980255;0.974796;0.952961;0.952618;
./tmp//tQC_NA_NA_2.mzML.dia	P02787	P02787	TRFE_HUMAN	TF	590578	590578	590578	590578	590578	590578	SKEFQLFSSPHGK	SKEFQLFSSPHGK	SKEFQLFSSPHGK3	3	0.00625	0.0136986	1	46233.5	46233.5	0	2.16073	1308.1	2.01247	1453.15	0	0.987496	5.53158	0.946546	2.06438	0.193171	92809;7358;10801;53003;2502;31532;	92809;5908.17;9357.56;52421;626.301;30967.8;	0.973368;0.97922;0.980064;0.963695;0.617873;0.978417;
./tmp//tQC_NA_NA_2.mzML.dia	P02652	P02652	APOA2_HUMAN	APOA2	78563.6	78563.6	78563.6	78563.6	78563.6	78563.6	SKEQLTPLIK	SKEQLTPLIK	SKEQLTPLIK2	2	0.00220264	0.0136986	1	78563.6	78563.6	0	2.03958	1337.9	2.03877	1352.5	0	0.992625	5.11757	0.956103	2.37645	0.0913499	57165;38476;19754;14547;27403;14658;	56652.5;37816.1;18799.1;13165.1;26089.5;14658;	0.925204;0.93677;0.926033;0.917164;0.960457;0.9339;
./tmp//tQC_NA_NA_2.mzML.dia	P01008	P01008	ANT3_HUMAN	SERPINC1	262560	262560	262560	262560	262560	262560	SKLPGIVAEGR	SKLPGIVAEGR	SKLPGIVAEGR2	2	0.00220264	0.0136986	1	6367.11	6367.11	0	1.89117	1201.7	1.90579	1196.5	0	0.81909	4.35206	0.955551	0	-1e+07	5026;2508;1573;834;645;1331;	4943;2235.33;1573;801.663;622.445;576.881;	0.959664;0.94191;0.937509;0.951978;0.975843;0.709061;
./tmp//tQC_NA_NA_2.mzML.dia	P01008	P01008	ANT3_HUMAN	SERPINC1	262560	262560	262560	262560	262560	262560	SKLPGIVAEGRDDLYVSDAFHK	SKLPGIVAEGRDDLYVSDAFHK	SKLPGIVAEGRDDLYVSDAFHK3	3	0.00625	0.0136986	1	9468	9468	0	2.86045	2538.2	2.89333	2524.12	0	0.452738	3.79921	0.941594	2.32987	0.350361	2469;3066;2651;2883;2419;3751;	2396.12;3066;2651;1466.27;1165.62;3751;	0.885574;0.937578;0.949288;0.277157;0.360002;0.954671;
./tmp//tQC_NA_NA_2.mzML.dia	P01008	P01008	ANT3_HUMAN	SERPINC1	262560	262560	262560	262560	262560	262560	SKLPGIVAEGRDDLYVSDAFHK	SKLPGIVAEGRDDLYVSDAFHK	SKLPGIVAEGRDDLYVSDAFHK4	4	0.00220264	0.0136986	1	13876	13876	0	2.8544	2546.1	2.89639	2513.09	0	0.954967	4.648	0.955882	2.7616	0.126474	7573;4266;2350;4143;4061;3282;	7573;3128.89;2214.39;4088.58;2328.76;1807.09;	0.970872;0.816004;0.95903;0.982333;0.678473;0.462857;
./tmp//tQC_NA_NA_2.mzML.dia	P01008	P01008	ANT3_HUMAN	SERPINC1	262560	262560	262560	262560	262560	262560	SKLPGIVAEGRDDLYVSDAFHK	SKLPGIVAEGRDDLYVSDAFHK	SKLPGIVAEGRDDLYVSDAFHK5	5	0.00220264	0.0136986	1	19182.5	19182.5	0	2.85093	2547	2.89672	2506.8	0	-0.0981566	4.25033	0.954129	3.14409	0.255072	11592;20646;7563;4520;4197;3858;	11592;8277.58;7226.38;4251.67;3338.78;2595.67;	0.977285;0.292275;0.937454;0.940657;0.942857;0.843778;
./tmp//tQC_NA_NA_2.mzML.dia	P35858	P35858	ALS_HUMAN	IGFALS	11092.5	11092.5	11092.5	11092.5	11092.5	11092.5	SLALGTFAHTPALASLGLSNNR	SLALGTFAHTPALASLGLSNNR	SLALGTFAHTPALASLGLSNNR3	3	0.00625	0.0136986	1	11092.5	11092.5	0	3.648	4030.2	3.74579	3886.25	0	-0.096128	3.17094	0.940098	2.91321	0.196258	6418;5586;2141;3313;4031;2783;	4553.08;3756.41;1285.33;2121.59;2552.81;2783;	0.308999;0.634767;0.248708;0.30021;0.152591;0.918135;
./tmp//tQC_NA_NA_2.mzML.dia	P01019	P01019	ANGT_HUMAN	AGT	21230	21230	21230	21230	21230	21230	SLDFTELDVAAEK	SLDFTELDVAAEK	SLDFTELDVAAEK2	2	0.00220264	0.0136986	1	16940.3	16940.3	0	3.24058	3250.9	3.28344	3142.56	0	0.704791	4.98266	0.956419	0	-1e+07	5208;8360;3857;4261;3010;3906;	5011.96;8360;3568.37;3436.18;2257.2;2815.73;	0.964324;0.968538;0.968301;0.937039;0.939304;0.876502;
./tmp//tQC_NA_NA_2.mzML.dia	P01019	P01019	ANGT_HUMAN	AGT	21230	21230	21230	21230	21230	21230	SLDFTELDVAAEKIDR	SLDFTELDVAAEKIDR	SLDFTELDVAAEKIDR3	3	0.0085592	0.0136986	1	6973.37	6973.37	0	3.44678	3572.9	3.46711	3506.12	0	-0.243512	3.02293	0.924251	2.1303	0.137076	3942;4362;8870;3629;1771;3510;	2773.01;2429.36;1817.57;1903.57;1771;2095.92;	0.688585;0.549091;-0.174651;0.524737;0.922005;0.468157;
./tmp//tQC_NA_NA_2.mzML.dia	P04264	P04264	K2C1_HUMAN	KRT1	15216.4	15216.4	15216.4	15216.4	15216.4	15216.4	SLDLDSIIAEVK	SLDLDSIIAEVK	SLDLDSIIAEVK2	2	0.46588	0.338983	1	8122.49	8122.49	0	3.7194	4226.4	4.02125	3988.85	0	-0.0562497	2.98429	0.191134	1.97665	0.108795	1229;3761;3329;1590;1589;9055;	0;3077.59;2814.39;1368.06;1589;2087.84;	-0.0790301;0.552879;0.675438;0.549774;0.903474;0.322541;
./tmp//tQC_NA_NA_2.mzML.dia	P51884	P51884	LUM_HUMAN	LUM	26322.9	26322.9	26322.9	26322.9	26322.9	26322.9	SLEDLQLTHNK	SLEDLQLTHNK	SLEDLQLTHNK2	2	0.00220264	0.0136986	1	3348.65	3348.65	0	2.09152	1361.7	2.05954	1402.21	0	0.658067	4.12663	0.954786	1.8471	0.0902027	2062;1255;4011;2364;1140;759;	1527.92;1255;844.751;984.338;699.865;565.729;	0.881151;0.898555;0.376543;0.577434;0.76903;0.865041;
./tmp//tQC_NA_NA_2.mzML.dia	P51884	P51884	LUM_HUMAN	LUM	26322.9	26322.9	26322.9	26322.9	26322.9	26322.9	SLEDLQLTHNKITK	SLEDLQLTHNKITK	SLEDLQLTHNKITK2	2	0.474604	0.0136986	1	2938.49	2938.49	0	2.34248	1447.6	2.13837	1692.01	0	0.378324	2.54465	0.184488	0	-1e+07	2428;374;2497;370;28499;3355;	293.577;0;2497;0;147.91;0;	0.414428;0.304476;0.953778;0.203147;0.351957;0.319593;
./tmp//tQC_NA_NA_2.mzML.dia	P01880	P01880	IGHD_HUMAN	IGHD	9179.34	9179.34	9179.34	9179.34	9179.34	9179.34	SLEVSYVTDHGPM	SLEVSYVTDHGPM	SLEVSYVTDHGPM2	2	0.00220264	0.0136986	1	9179.34	9179.34	0	2.82128	2488.9	2.87021	2452.37	0	0.485493	4.62126	0.955031	3.5604	0.185419	4377;3329;3006;3213;3086;2264;	4004.58;3329;1740.36;1909.65;1817.33;1845.77;	0.842376;0.97336;0.68366;0.717987;0.590323;0.841121;
./tmp//tQC_NA_NA_2.mzML.dia	P51884	P51884	LUM_HUMAN	LUM	26322.9	26322.9	26322.9	26322.9	26322.9	26322.9	SLEYLDLSFNQIAR	SLEYLDLSFNQIAR	SLEYLDLSFNQIAR2	2	0.00220264	0.0136986	1	13615.9	13615.9	0	3.84748	4146	3.85434	4119.31	0	-0.0334752	4.97398	0.956325	0	-1e+07	5309;8191;3582;3657;6244;2543;	5058.62;7116.47;3241.8;3237.47;6244;2313.25;	0.945655;0.890792;0.901078;0.92393;0.95055;0.930822;
./tmp//tQC_NA_NA_2.mzML.dia	P51884	P51884	LUM_HUMAN	LUM	26322.9	26322.9	26322.9	26322.9	26322.9	26322.9	SLEYLDLSFNQIAR	SLEYLDLSFNQIAR	SLEYLDLSFNQIAR3	3	0.00762195	0.0136986	1	9449.22	9449.22	0	3.83968	4150.4	3.86069	4113.23	0	0	4.58099	0.930794	2.1526	0.155858	3398;6016;3121;3118;1208;3047;	3398;4953.17;2460.48;3039.47;1097.87;3011.75;	0.943347;0.788996;0.792015;0.939637;0.811226;0.9131;
./tmp//tQC_NA_NA_2.mzML.dia					3.49289e+06	3.49289e+06					SLGSPSGEVSHPR	SLGSPSGEVSHPR	SLGSPSGEVSHPR2	2	0.011889	1	0	10571.5	10571.5	0	2.64647	2149.1	2.64309	2115.74	0	0.768892	2.05296	0.839537	0	-1e+07	2954;2650;1755;2759;3517;3178;	2954;1926.94;1630.46;1054.2;1189.27;1816.66;	0.935468;0.681954;0.812126;-0.0114968;-0.142024;0.467387;
./tmp//tQC_NA_NA_2.mzML.dia	P02768	P02768	ALBU_HUMAN	ALB	6.02018e+06	6.02018e+06	6.52224e+06	6.52224e+06	6.52224e+06	6.52224e+06	SLHTLFGDK	SLHTLFGDK	SLHTLFGDK2	2	0.00220264	0.0136986	1	2.06256e+06	2.06256e+06	0	2.19817	1433.4	2.12457	1486.3	0	0.989319	5.90976	0.956119	3.67294	0.717209	1.36638e+06;827658;485702;569317;132756;537233;	1.36257e+06;826141;484886;569317;130671;452418;	0.987907;0.985739;0.986777;0.987623;0.987157;0.965012;
./tmp//tQC_NA_NA_2.mzML.dia	P02768	P02768	ALBU_HUMAN	ALB	6.02018e+06	6.02018e+06	6.52224e+06	6.52224e+06	6.52224e+06	6.52224e+06	SLHTLFGDKL	SLHTLFGDKL	SLHTLFGDKL2	2	0.0790043	0.0136986	1	5459.61	5459.61	0	2.92752	2437.5	2.83585	2661.44	0	0.236773	1.52126	0.484149	0	-1e+07	1348;1436;1794;2117;3128;2350;	1348;614.767;484.62;796.91;873.249;1342.07;	0.888251;-0.0643797;0.212161;0.382869;0.114118;0.0901631;
./tmp//tQC_NA_NA_2.mzML.dia	P07358	P07358	CO8B_HUMAN	C8B	11169.4	11169.4	11169.4	11169.4	11169.4	11169.4	SLMLHYEFLQR	SLMLHYEFLQR	SLMLHYEFLQR2	2	0.00762195	0.0136986	1	7023.97	7023.97	0	3.11727	2857.1	3.05672	2909.46	0	0.192087	2.45722	0.931442	3.15918	0.41312	2811;3271;621;4672;2725;1737;	2393;3271;199.418;1359.75;1077.62;1359.97;	0.628336;0.873044;0.351358;0.081438;0.111982;0.540627;
./tmp//tQC_NA_NA_2.mzML.dia	P04264	P04264	K2C1_HUMAN	KRT1	15216.4	15216.4	15216.4	15216.4	15216.4	15216.4	SLNNQFASFIDK	SLNNQFASFIDK	SLNNQFASFIDK2	2	0.1	0.338983	1	15216.4	15216.4	0	3.1534	3003.4	3.17095	2975.97	0	0.313429	3.3201	0.457361	1.89625	0.155815	6357;5016;2464;2389;1156;4193;	6357;3372.18;2129.19;1253.01;418.189;1686.81;	0.983984;0.761442;0.871815;0.574475;0.185787;0.432314;
./tmp//tQC_NA_NA_2.mzML.dia	Q15582	Q15582	BGH3_HUMAN	TGFBI	4596.78	4596.78	4596.78	4596.78	4596.78	4596.78	SLQGDKLEVSLK	SLQGDKLEVSLK	SLQGDKLEVSLK2	2	0.129132	0.0136986	1	27188.6	27188.6	0	2.43682	1571.8	2.26354	1847.09	0	-0.000905278	4.13249	0.410893	0	-1e+07	835;7045;19992;5856;12955;2819;	835;3052.11;11162.8;3337.63;8002.29;798.8;	0.945691;0.481485;0.777633;0.748287;0.791028;0.229989;
./tmp//tQC_NA_NA_2.mzML.dia					3.49289e+06	3.49289e+06					SLSVSIPQPSPLR	SLSVSIPQPSPLR	SLSVSIPQPSPLR2	2	0.328332	1	0	18951.5	18951.5	0	3.14107	2971	3.15049	2949.8	0	0.54818	3.56959	0.243069	2.93957	0.407538	3565;4094;3771;236;2988;7330;	3565;3890.33;1577.3;119.302;2569.16;7230.42;	0.98679;0.944362;0.172637;0.538222;0.823708;0.94842;
./tmp//tQC_NA_NA_2.mzML.dia	P01024	P01024	CO3_HUMAN	C3	153839	153839	153839	153839	153839	153839	SLYVSATVILHSGSDMVQAER	SLYVSATVILHSGSDMVQAER	SLYVSATVILHSGSDMVQAER3	3	0.00937082	0.0136986	1	56688.6	56688.6	0	3.4881	3608.8	3.48191	3594.38	0	0.945366	3.55476	0.856466	4.33934	0.275885	12894;43861;67744;8019;93985;8337;	12702.6;20364.4;35967;8019;22126;2239.07;	0.954116;0.418274;0.522419;0.957939;0.0906966;0.150299;
./tmp//tQC_NA_NA_2.mzML.dia					3.49289e+06	3.49289e+06					SMAPVSWITPGLK	SMAPVSWITPGLK	SMAPVSWITPGLK2	2	0.324779	1	0	6036.34	6036.34	0	3.51103	3753.5	3.55112	3641.2	0	0.270903	2.10062	0.245966	0	-1e+07	12458;805;2313;852;1123;1657;	2907.46;0;877.049;119.774;1123;1009.06;	0.252038;0.143083;-0.0264676;0.0631969;0.865983;0.534315;
./tmp//tQC_NA_NA_2.mzML.dia	P02787	P02787	TRFE_HUMAN	TF	590578	590578	590578	590578	590578	590578	SMGGKEDLIWELLNQAQEHFGK	SMGGKEDLIWELLNQAQEHFGK	SMGGKEDLIWELLNQAQEHFGK3	3	0.00220264	0.0136986	1	69505.8	69505.8	0	4.4641	4360.1	4.4294	4364.06	0	0.882384	5.86172	0.955606	3.54208	0.508997	45480;34627;18452;21314;14796;24665;	45480;32248.3;15546.4;19724.5;14113;23144.6;	0.975785;0.97768;0.966681;0.974444;0.989244;0.978556;
./tmp//tQC_NA_NA_2.mzML.dia	P02787	P02787	TRFE_HUMAN	TF	590578	590578	590578	590578	590578	590578	SMGGKEDLIWELLNQAQEHFGK	SMGGKEDLIWELLNQAQEHFGK	SMGGKEDLIWELLNQAQEHFGK4	4	0.00364299	0.0136986	1	109548	109548	0	4.45847	4363.4	4.43978	4362.77	0	0.630836	5.85583	0.95022	3.46557	0.545739	137644;63663;31482;49950;51816;27178;	137609;63663;31049.7;49750.2;51541.4;26957.4;	0.964216;0.970011;0.984481;0.96421;0.979903;0.984885;
./tmp//tQC_NA_NA_2.mzML.dia	P02787	P02787	TRFE_HUMAN	TF	590578	590578	590578	590578	590578	590578	SMGGKEDLIWELLNQAQEHFGKDK	SMGGKEDLIWELLNQAQEHFGKDK	SMGGKEDLIWELLNQAQEHFGKDK4	4	0.00220264	0.0136986	1	66491.7	66491.7	0	4.27565	4323.3	4.31211	4318.83	0	0.990205	5.7833	0.95619	2.15369	0.254653	28241;30464;14082;18587;9232;8940;	27740.5;30464;13196.8;11428;8287.24;7681.75;	0.981857;0.987214;0.97272;0.831434;0.97584;0.973239;
./tmp//tQC_NA_NA_2.mzML.dia					3.49289e+06	3.49289e+06					SPADKTNVK	SPADKTNVK	SPADKTNVK2	2	0.0709534	1	0	10475.3	10475.3	0	1.91365	1083.6	1.73134	1215.9	0	0.279362	2.86251	0.528368	0	-1e+07	902;6846;955;768;28463;3600;	329.136;6846;169.276;60.4464;263.662;2806.79;	0.725103;0.949088;0.138362;0.281278;0.00296906;0.841527;
./tmp//tQC_NA_NA_2.mzML.dia	P09172	P09172	DOPO_HUMAN	DBH	3595	3595	3595	3595	3595	3595	SPAGPTVVSIGGGKG	SPAGPTVVSIGGGKG	SPAGPTVVSIGGGKG2	2	0.168986	0.0531915	1	5790.62	5790.62	0	2.18973	1472.1	2.16279	1478	0	-0.0599336	2.1533	0.364746	0	-1e+07	3139;781;891;9696;1681;3546;	3139;85.9428;206.533;536.377;376.254;1446.51;	0.985829;0.0793702;0.169301;-0.206251;0.342476;0.65781;
./tmp//tQC_NA_NA_2.mzML.dia	P08603	P08603	CFAH_HUMAN	CFH	18703.8	18703.8	18703.8	18703.8	18703.8	18703.8	SPDVINGSPISQK	SPDVINGSPISQK	SPDVINGSPISQK2	2	0.00220264	0.0136986	1	17210.8	17210.8	0	2.03028	1424.3	2.11591	1341.05	0	0.0662528	4.91782	0.956481	0	-1e+07	12345;2792;2191;9189;4147;4349;	12245.5;922.139;926.894;9039.43;4147;4024.36;	0.919883;0.518017;0.570571;0.925832;0.983694;0.93735;
./tmp//tQC_NA_NA_2.mzML.dia	Q14624	Q14624	ITIH4_HUMAN	ITIH4	53564.2	53564.2	53564.2	53564.2	53564.2	53564.2	SPEQQETVLDGNLIIR	SPEQQETVLDGNLIIR	SPEQQETVLDGNLIIR3	3	0.00220264	0.0136986	1	8988.15	8988.15	0	3.15037	3091.2	3.21368	2969.18	0	-0.0843472	4.00281	0.956177	2.6833	0.478007	4424;2326;2258;4288;2882;3142;	4424;2326;2238.15;1974.73;1550.26;1371.33;	0.950025;0.909993;0.848753;0.548342;0.702895;0.624248;
./tmp//tQC_NA_NA_2.mzML.dia	P26927	P26927	HGFL_HUMAN	MST1	5817.02	5817.02	5817.02	5817.02	5817.02	5817.02	SPLNDFQVLR	SPLNDFQVLR	SPLNDFQVLR2	2	0.348958	0.702128	1	5817.02	5817.02	0	3.1257	2900.3	3.09447	2922.37	0	0.0850765	2.3625	0.231447	2.63646	0.140435	2353;1363;2458;1746;3969;1247;	1241.61;957.222;2458;388.897;484.881;286.401;	0.220848;0.617856;0.930984;0.0499621;0.434347;0.148436;
./tmp//tQC_NA_NA_2.mzML.dia					3.49289e+06	3.49289e+06					SPM(UniMod:35)YSIITPNILR	SPMYSIITPNILR	SPM(UniMod:35)YSIITPNILR2	2	0.00220264	1	0	26626.5	26626.5	0	3.69775	3549.6	3.45732	3959.66	0	0.0593604	5.66961	0.955619	0	-1e+07	12600;13933;7683;11221;6502;6430;	12600;13869.6;7571.78;9499.66;6454.69;6224.93;	0.978293;0.963051;0.980119;0.954652;0.97059;0.964297;
./tmp//tQC_NA_NA_2.mzML.dia					3.49289e+06	3.49289e+06					SPM(UniMod:35)YSIITPNILR	SPMYSIITPNILR	SPM(UniMod:35)YSIITPNILR3	3	0.242424	1	0	21619.5	21619.5	0	3.6904	3552.6	3.4586	3949.37	0	0	3.4144	0.301036	3.74476	0.187951	2987;811;82231;2453;1987;1823;	2970.2;811;14476.5;634.261;1987;740.516;	0.905309;0.889278;0.0325025;0.191381;0.923644;0.368348;
./tmp//tQC_NA_NA_2.mzML.dia					3.49289e+06	3.49289e+06					SPMYSIITPN	SPMYSIITPN	SPMYSIITPN2	2	0.0085592	1	0	31128.5	31128.5	0	3.0504	2987.9	3.1617	2840.2	0	0.168843	3.97816	0.910428	0	-1e+07	9586;9725;11937;10548;10429;37583;	9586;9626.92;10953.6;10548;6829.12;10834.6;	0.880358;0.935267;0.880809;0.977814;0.481457;0.0681624;
./tmp//tQC_NA_NA_2.mzML.dia					3.49289e+06	3.49289e+06					SPMYSIITPNILR	SPMYSIITPNILR	SPMYSIITPNILR2	2	0.00220264	1	0	26626.5	26626.5	0	3.69775	4005.9	3.72641	3959.66	0	0.91027	5.66961	0.956228	1.57493	0.104722	13933;12600;7683;11221;6502;6430;	13869.6;12600;7571.78;9499.66;6454.69;6224.93;	0.963051;0.978293;0.980119;0.954652;0.97059;0.964297;
./tmp//tQC_NA_NA_2.mzML.dia					3.49289e+06	3.49289e+06					SPMYSIITPNILR	SPMYSIITPNILR	SPMYSIITPNILR3	3	0.00364299	1	0	7836.48	7836.48	0	3.68997	4003.8	3.72477	3948.75	0	0.127043	5.69518	0.952849	1.63672	0.114343	9704;3599;5624;3907;2659;3365;	8955.35;3599;3053.48;2732.73;2151.26;2086.22;	0.936321;0.965721;0.953926;0.963478;0.96846;0.970477;
./tmp//tQC_NA_NA_2.mzML.dia					3.49289e+06	3.49289e+06					SPSGEVSHPR	SPSGEVSHPR	SPSGEVSHPR2	2	0.00220264	1	0	87900.9	87900.9	0	2.64257	2149.7	2.64334	2110.48	0	0.82107	5.78249	0.953984	3.25529	0.446366	23498;16135;48247;20037;20405;25392;	22881.6;15434.5;48247;16772.3;11625.5;21080.7;	0.978661;0.972353;0.978945;0.973404;0.726472;0.965792;
./tmp//tQC_NA_NA_2.mzML.dia	P11142	P11142	HSP7C_HUMAN	HSPA8	5944.74	5944.74	5944.74	5944.74	5944.74	5944.74	SQIHDIVLVGGSTR	SQIHDIVLVGGSTR	SQIHDIVLVGGSTR2	2	0.168663	0.338983	1	4118.73	4118.73	0	2.32842	1700	2.36819	1669.3	0	0.163904	1.51503	0.365289	0	-1e+07	3220;662;230;424;4104;5858;	3220;0;0;0;235.182;663.545;	0.957645;-0.111603;-0.187456;-0.0456806;-0.0504226;0.378517;
./tmp//tQC_NA_NA_2.mzML.dia	P04080	P04080	CYTB_HUMAN	CSTB	4208.06	4208.06	4208.06	4208.06	4208.06	4208.06	SQVVAGTNYFIK	SQVVAGTNYFIK	SQVVAGTNYFIK2	2	0.450085	0.440945	1	3489.13	3489.13	0	2.42492	2196.1	2.66551	1830.84	0	0.516484	1.50825	0.194491	0	-1e+07	1253;1286;4913;2217;667;821;	136.083;1286;1156.61;600.078;172.18;138.172;	-0.0680137;0.877149;0.0129568;0.203256;0.223328;0.0632304;
./tmp//tQC_NA_NA_2.mzML.dia	P19823	P19823	ITIH2_HUMAN	ITIH2	72324.5	72324.5	72324.5	72324.5	72324.5	72324.5	SSALDMENFRTEVNVLPGAK	SSALDMENFRTEVNVLPGAK	SSALDMENFRTEVNVLPGAK3	3	0.547308	0.0136986	1	2878.97	2878.97	0	3.19127	3307.3	3.31385	3054.77	0	0.322076	2.16379	0.161384	0	-1e+07	1428;1730;508;1083;1810;1314;	287.737;283.368;0;1083;833.096;391.767;	0.416613;0.365701;0.30458;0.947422;0.679536;0.182845;
./tmp//tQC_NA_NA_2.mzML.dia	P36955	P36955	PEDF_HUMAN	SERPINF1	11727.3	11727.3	11727.3	11727.3	11727.3	11727.3	SSFVAPLEK	SSFVAPLEK	SSFVAPLEK2	2	0.0085592	0.0136986	1	11727.3	11727.3	0	2.3334	1734.4	2.38862	1677.3	0	0.398175	3.77544	0.916414	2.45123	0.180245	6688;4164;3177;60647;5198;12812;	5376.93;3173.32;3177;54045.2;2227.35;1518.59;	0.898242;0.939387;0.964279;0.837505;0.475003;-0.0920602;
./tmp//tQC_NA_NA_2.mzML.dia	P07737	P07737	PROF1_HUMAN	PFN1	11218.8	11218.8	11218.8	11218.8	11218.8	11218.8	SSFYVNGLTLGGQK	SSFYVNGLTLGGQK	SSFYVNGLTLGGQK2	2	0.104651	0.355372	1	11218.8	11218.8	0	2.96972	2825.9	3.02976	2752.02	0	-0.157236	2.95112	0.450538	2.52287	0.327016	7624;2364;2037;1773;2368;3169;	7155.72;2364;372.855;778.765;547.453;222.142;	0.909286;0.95839;0.154574;0.525095;0.365985;-0.181974;
./tmp//tQC_NA_NA_2.mzML.dia	P04180	P04180	LCAT_HUMAN	LCAT	3502.05	3502.05	3502.05	3502.05	3502.05	3502.05	SSGLVSNAPGVQIR	SSGLVSNAPGVQIR	SSGLVSNAPGVQIR2	2	0.0085592	0.045977	1	3502.05	3502.05	0	2.32713	1816.7	2.43627	1667.26	0	-0.0534168	3.99944	0.928094	0	-1e+07	1304;1304;1023;1076;1716;1468;	1211.84;1267.21;1023;557.732;871.458;454.46;	0.928682;0.931903;0.967488;0.654542;0.636748;0.281324;
./tmp//tQC_NA_NA_2.mzML.dia	P01023;P20742	P01023;P20742	A2MG_HUMAN;PZP_HUMAN	A2M;PZP	302205	302205	302205	302205			SSGSLLNNAIK	SSGSLLNNAIK	SSGSLLNNAIK2	2	0.00364299	0.0136986	0	71319.2	71319.2	0	2.2488	1570.1	2.26188	1549.63	0	0.611843	4.92485	0.952141	2.27396	0.118541	33909;24670;29057;13580;239116;19018;	33267.3;24471.9;18985.7;13580;70285.8;6908.96;	0.939676;0.934648;0.804954;0.956319;0.451782;0.409619;
./tmp//tQC_NA_NA_2.mzML.dia	P00761	P00761	TRYP_PIG		53336.8	53336.8					SSGSSYPSLLQ	SSGSSYPSLLQ	SSGSSYPSLLQ2	2	0.45224	1	1	4310.54	4310.54	0	2.64343	2408	2.81044	2111.65	0	-0.0853666	1.49223	0.193759	3.17408	0.385015	1115;3440;12330;15477;12185;4461;	1115;1404.74;306.417;691.014;345.567;447.798;	0.941405;0.557739;0.0126744;-0.0265339;0.00440879;0.0273677;
./tmp//tQC_NA_NA_2.mzML.dia	P01024	P01024	CO3_HUMAN	C3	153839	153839	153839	153839	153839	153839	SSLSVPYVIVPLK	SSLSVPYVIVPLK	SSLSVPYVIVPLK2	2	0.00220264	0.0136986	1	90473	90473	0	3.69602	4139.2	3.84527	3957.25	0	0.99133	5.69822	0.955958	2.25517	0.104565	141981;68032;14884;46000;13447;10954;	140032;68032;11860.2;45145.8;13353.3;10580.9;	0.919946;0.959458;0.948218;0.917311;0.941317;0.976861;
./tmp//tQC_NA_NA_2.mzML.dia	P01024	P01024	CO3_HUMAN	C3	153839	153839	153839	153839	153839	153839	SSLSVPYVIVPLKTGLQEVEVK	SSLSVPYVIVPLKTGLQEVEVK	SSLSVPYVIVPLKTGLQEVEVK3	3	0.0426035	0.0136986	1	5779.88	5779.88	0	3.93293	4222.1	4.01002	4174.85	0	0	3.10242	0.63333	0	-1e+07	1448;1256;12255;4744;645;321;	1448;470.83;2100.66;1207.16;255.296;297.94;	0.970637;0.613031;-0.029653;0.082995;0.74614;0.864267;
./tmp//tQC_NA_NA_2.mzML.dia	P08603	P08603	CFAH_HUMAN	CFH	18703.8	18703.8	18703.8	18703.8	18703.8	18703.8	SSNLIILEEHLK	SSNLIILEEHLK	SSNLIILEEHLK2	2	0.00220264	0.0136986	1	14516	14516	0	2.91908	2585.4	2.90981	2641.66	0	0.659971	4.55638	0.954625	3.05358	0.111977	6526;3513;4630;6314;5351;3087;	6016.18;3415.1;3275.07;5749.87;5351;2298.58;	0.931891;0.97441;0.870825;0.950855;0.967526;0.889295;
./tmp//tQC_NA_NA_2.mzML.dia	P08603	P08603	CFAH_HUMAN	CFH	18703.8	18703.8	18703.8	18703.8	18703.8	18703.8	SSNLIILEEHLK	SSNLIILEEHLK	SSNLIILEEHLK3	3	0.00220264	0.0136986	1	18703.8	18703.8	0	2.91215	2580.6	2.9083	2626.1	0	0.159978	5.41897	0.956415	1.67223	0.165248	16207;10141;9592;7235;3811;4675;	14079.9;9594.41;8566.63;6553.27;3583.91;4675;	0.889928;0.90208;0.905126;0.913289;0.915613;0.903001;
./tmp//tQC_NA_NA_2.mzML.dia	P09871	P09871	C1S_HUMAN	C1S	21662.4	21662.4	21662.4	21662.4	21662.4	21662.4	SSNNPHSPIVEEFQVPYNK	SSNNPHSPIVEEFQVPYNK	SSNNPHSPIVEEFQVPYNK3	3	0.00220264	0.0136986	1	10633.1	10633.1	0	2.79663	2433.4	2.83254	2403.96	0	-0.0927359	4.30442	0.955381	0	-1e+07	6656;3628;2423;2321;5285;2833;	6656;2166.04;1811.08;1512.14;1473.28;934.844;	0.965329;0.856085;0.925805;0.850344;0.161012;0.502782;
./tmp//tQC_NA_NA_2.mzML.dia	P00761	P00761	TRYP_PIG		53336.8	53336.8					SSYPGQITGN	SSYPGQITGN	SSYPGQITGN2	2	0.166333	1	1	21290.6	21290.6	0	2.06252	1187.7	1.88917	1377	0	-0.0441517	3.25882	0.366805	1.60352	0.115936	2459;9906;3552;4655;4609;3722;	2459;8965.44;1003.86;4496.98;1701.98;2663.29;	0.916809;0.6403;0.50517;0.733484;0.331798;0.35854;
./tmp//tQC_NA_NA_2.mzML.dia	P61626	P61626	LYSC_HUMAN	LYZ	6356.29	6356.29	6356.29	6356.29	6356.29	6356.29	STDYGIFQINSR	STDYGIFQINSR	STDYGIFQINSR2	2	0.0144547	0.0736842	1	6356.29	6356.29	0	2.93142	2637.7	2.92552	2670.94	0	0.235324	2.9657	0.823295	2.23716	0.131689	3145;2650;2200;1502;3261;1389;	3145;725.324;0;494.439;1991.53;0;	0.967144;0.468249;0.339516;0.30935;0.236185;-0.113374;
./tmp//tQC_NA_NA_2.mzML.dia	P02751	P02751	FINC_HUMAN	FN1	21839.1	21839.1	21839.1	21839.1	21839.1	21839.1	STTPDITGYR	STTPDITGYR	STTPDITGYR2	2	0.00220264	0.0136986	1	12656	12656	0	1.90348	1218.3	1.92452	1206.97	0	0.644423	4.89597	0.95398	0	-1e+07	8107;7196;2504;5777;3364;2650;	8107;5471.22;2235.54;4308.74;2313.46;2187.79;	0.98163;0.918417;0.970906;0.942111;0.944787;0.912949;
./tmp//tQC_NA_NA_2.mzML.dia					3.49289e+06	3.49289e+06					STVGNSNNYLHLSVLR	STVGNSNNYLHLSVLR	STVGNSNNYLHLSVLR3	3	0.00220264	1	0	6241.32	6241.32	0	2.86628	2501.9	2.87709	2534.84	0	0.68797	3.80919	0.95588	1.56486	0.101788	2509;3780;4062;4097;6901;3039;	2509;2227.29;1505.03;1700.43;1533.48;1226.12;	0.956729;0.807175;0.631658;0.469967;0.0654254;0.50248;
./tmp//tQC_NA_NA_2.mzML.dia	P01009	P01009	A1AT_HUMAN	SERPINA1	589664	589664	589664	589664	589664	589664	SVLGQLGITK	SVLGQLGITK	SVLGQLGITK2	2	0.00220264	0.0136986	1	464179	464179	0	2.88878	2496.5	2.87431	2577.59	0	0.970182	5.71791	0.956038	1.64999	0.0941571	363353;306535;52291;48477;28932;73298;	363337;306535;50951.4;47051.5;28123;72719;	0.974089;0.951049;0.928578;0.93867;0.953191;0.957592;
./tmp//tQC_NA_NA_2.mzML.dia	P05546	P05546	HEP2_HUMAN	SERPIND1	18971.3	18971.3	18971.3	18971.3	18971.3	18971.3	SVNDLYIQK	SVNDLYIQK	SVNDLYIQK2	2	0.00220264	0.0136986	1	7644.45	7644.45	0	2.01405	1327.9	2.03001	1320.86	0	0.14507	4.79148	0.955898	0	-1e+07	4854;3736;2588;2899;2056;1925;	4854;1552.14;1604.08;1232.18;1186.36;1284.34;	0.96441;0.801542;0.877477;0.745204;0.915835;0.865998;
./tmp//tQC_NA_NA_2.mzML.dia	Q9UBX5	Q9UBX5	FBLN5_HUMAN	FBLN5	9031.51	9031.51	9031.51	9031.51	9031.51	9031.51	SVPADIFQMQATTR	SVPADIFQMQATTR	SVPADIFQMQATTR2	2	0.0632184	0.234234	1	9031.51	9031.51	0	3.24188	2986.3	3.16069	3144.72	0	0.216985	1.95529	0.570123	2.83351	0.59782	4187;2470;2424;1372;1986;2702;	4187;1462.8;750.884;218.086;1044.65;1368.08;	0.980546;0.628909;-0.0127137;0.171434;0.38058;0.599329;
./tmp//tQC_NA_NA_2.mzML.dia	P51884	P51884	LUM_HUMAN	LUM	26322.9	26322.9	26322.9	26322.9	26322.9	26322.9	SVPMVPPGIK	SVPMVPPGIK	SVPMVPPGIK2	2	0.00220264	0.0136986	1	26322.9	26322.9	0	2.53115	2198.8	2.66691	1936.15	0	-0.0228068	4.93746	0.954386	4.02861	0.145538	17357;7876;4500;5160;4524;1610;	17294;7169.38;4500;4528.93;1964.61;419.776;	0.934462;0.919467;0.978344;0.933638;0.668825;0.64159;
./tmp//tQC_NA_NA_2.mzML.dia	P00450	P00450	CERU_HUMAN	CP	71879.6	71879.6	71879.6	71879.6	71879.6	71879.6	SVPPSASHVAPTETFTYEWTVPK	SVPPSASHVAPTETFTYEWTVPK	SVPPSASHVAPTETFTYEWTVPK3	3	0.0085592	0.0136986	1	16587.3	16587.3	0	3.15687	3168.2	3.24627	2983.71	0	0.704759	3.14355	0.916796	1.56364	0.272571	29264;10940;6404;4822;2384;	12162.9;10754;4392.34;3449.26;2384;	0.190198;0.828743;0.71942;0.771;0.962637;
./tmp//tQC_NA_NA_2.mzML.dia					3.49289e+06	3.49289e+06					SVPYQVSLN	SVPYQVSLN	SVPYQVSLN2	2	0.187992	1	0	12312.2	12312.2	0	2.7408	2315	2.73749	2271.48	0	0.475155	1.70127	0.346927	0	-1e+07	3034;2820;3849;1962;4138;7639;	771.139;525.538;2566.17;252.955;557.373;7639;	0.109728;0.0457691;0.850208;-0.047968;-0.330947;0.97799;
./tmp//tQC_NA_NA_2.mzML.dia					3.49289e+06	3.49289e+06					SVPYQVSLNSGSH	SVPYQVSLNSGSH	SVPYQVSLNSGSH2	2	0.297297	1	0	6611.32	6611.32	0	2.2527	1654.5	2.33674	1555.11	0	-0.0863091	2.24646	0.262763	0	-1e+07	1154;2164;1307;1478;1724;2798;	458.77;1887.24;486.339;1478;1175.67;1125.31;	0.299293;0.484371;0.0123842;0.889578;0.366889;0.289466;
./tmp//tQC_NA_NA_2.mzML.dia	P04114	P04114	APOB_HUMAN	APOB	43710.3	43710.3	43710.3	43710.3	43710.3	43710.3	SVSDGIAALDLNAVANK	SVSDGIAALDLNAVANK	SVSDGIAALDLNAVANK2	2	0.00625	0.0136986	1	13725.2	13725.2	0	3.53917	3300.9	3.3101	3696.44	0	0.147479	4.04637	0.940612	0	-1e+07	11470;1946;3260;6743;4017;5008;	6553.17;466.522;3155.01;1694.85;4017;754.447;	0.672086;0.361806;0.923361;0.348773;0.971731;-0.123367;
./tmp//tQC_NA_NA_2.mzML.dia	P04114	P04114	APOB_HUMAN	APOB	43710.3	43710.3	43710.3	43710.3	43710.3	43710.3	SVSLPSLDPASAK	SVSLPSLDPASAK	SVSLPSLDPASAK2	2	0.00220264	0.0136986	1	31981.9	31981.9	0	2.7817	2489.7	2.87066	2371.94	0	0.596388	5.09685	0.956393	0	-1e+07	17851;14179;9073;17903;9514;4650;	17851;14032.6;9061.92;7290.56;9480.9;4650;	0.973265;0.958645;0.951893;0.174067;0.965093;0.983729;
./tmp//tQC_NA_NA_2.mzML.dia	P08571	P08571	CD14_HUMAN	CD14	2836.03	2836.03	2836.03	2836.03	2836.03	2836.03	SWLAELQQWLKPGLK	SWLAELQQWLKPGLK	SWLAELQQWLKPGLK3	3	0.00625	0.025	1	2836.03	2836.03	0	4.65492	4398.2	4.54744	4416.26	0	0.095665	3.78622	0.93792	0	-1e+07	2503;1006;648;704;300;325;	1680.44;1006;315.348;267.584;149.594;76.6391;	0.805202;0.959814;0.730685;0.652567;0.791459;0.518754;
./tmp//tQC_NA_NA_2.mzML.dia	P04217	P04217	A1BG_HUMAN	A1BG	57438.7	57438.7	57438.7	57438.7	57438.7	57438.7	SWVPHTFESELSDPVELLVAES	SWVPHTFESELSDPVELLVAES	SWVPHTFESELSDPVELLVAES3	3	0.0167526	0.0136986	1	33275.8	33275.8	0	4.68608	4417.9	4.60817	4425.92	0	0.168938	3.6395	0.788263	2.84997	0.130315	47771;4875;1775;3429;3235;	22138.7;4875;1639.47;1622.3;3000.35;	0.457569;0.944778;0.873263;0.598721;0.800018;
./tmp//tQC_NA_NA_2.mzML.dia					3.49289e+06	3.49289e+06					SYSTTAVVTNPKE	SYSTTAVVTNPKE	SYSTTAVVTNPKE2	2	0.0970149	1	0	1143.1	1143.1	0	1.73517	1119.2	1.7924	1090.62	0	0.0124505	2.20711	0.463658	0	-1e+07	709;369;422;350;745;671;	0;369;222.1;109.689;209.307;233.007;	0.430533;0.927043;0.607048;0.56256;0.338135;0.524271;
./tmp//tQC_NA_NA_2.mzML.dia	P02751	P02751	FINC_HUMAN	FN1	21839.1	21839.1	21839.1	21839.1	21839.1	21839.1	SYTITGLQPGTDYK	SYTITGLQPGTDYK	SYTITGLQPGTDYK2	2	0.00220264	0.0136986	1	15877	15877	0	2.58827	2098.2	2.62571	2025.46	0	0.276921	5.24896	0.956552	2.0265	0.541946	8173;3960;3633;8554;3236;4421;	8173;3569.52;3120.19;4260.78;3096.19;4134.46;	0.965605;0.960467;0.955659;0.517381;0.943606;0.977891;
./tmp//tQC_NA_NA_2.mzML.dia	P01024	P01024	CO3_HUMAN	C3	153839	153839	153839	153839	153839	153839	SYTVAIAGYALAQM(UniMod:35)GR	SYTVAIAGYALAQMGR	SYTVAIAGYALAQM(UniMod:35)GR2	2	0.0106242	0.0136986	1	41975.5	41975.5	0	3.15687	3072.8	3.20549	2983.71	0	0.604509	4.04211	0.850033	2.31808	0.430828	4614;4259;9633;5857;2327;23757;	2739.83;2901.69;9633;5857;1170.76;19673.2;	0.534591;0.78426;0.860167;0.974368;0.151709;0.796886;
./tmp//tQC_NA_NA_2.mzML.dia	P01024	P01024	CO3_HUMAN	C3	153839	153839	153839	153839	153839	153839	SYTVAIAGYALAQMGR	SYTVAIAGYALAQMGR	SYTVAIAGYALAQMGR2	2	0.00220264	0.0136986	1	35108.9	35108.9	0	3.73648	3976.5	3.70386	4010.56	0	0.339912	4.92789	0.955867	3.64018	0.220317	18837;15139;10675;9646;22304;23219;	18192.2;14915.3;10675;9518.59;13728;14356.9;	0.843378;0.865079;0.988691;0.880536;0.506613;0.643177;
./tmp//tQC_NA_NA_2.mzML.dia	P14151	P14151	LYAM1_HUMAN	SELL	10033.8	10033.8	10033.8	10033.8	10033.8	10033.8	SYYWIGIR	SYYWIGIR	SYYWIGIR2	2	0.0240202	0.142857	1	10033.8	10033.8	0	3.24687	2950.7	3.13569	3152.92	0	-0.143978	2.21897	0.744873	1.74556	0.107487	4580;1737;970;3907;2100;1844;	2371.19;1147.71;713.085;3907;1250.67;644.189;	-0.0720328;0.444514;0.565597;0.939777;0.380465;0.0699701;
./tmp//tQC_NA_NA_2.mzML.dia	P35908	P35908	K22E_HUMAN	KRT2	11989.9	11989.9	11989.9	11989.9	11989.9	11989.9	TAAENDFVTLK	TAAENDFVTLK	TAAENDFVTLK2	2	0.0536131	0.231481	1	11989.9	11989.9	0	2.57075	1781.2	2.41505	1991.38	0	0.0405169	2.3753	0.594092	0	-1e+07	8186;3418;1616;5673;1594;2581;	8186;813.764;354.746;1920.95;267.853;446.577;	0.935488;0.509651;0.343719;0.683471;0.397542;0.491219;
./tmp//tQC_NA_NA_2.mzML.dia	P03951	P03951	FA11_HUMAN	F11	28517.2	28517.2	28517.2	28517.2	28517.2	28517.2	TAAISGYSFK	TAAISGYSFK	TAAISGYSFK2	2	0.171627	0.355372	1	8002.16	8002.16	0	2.24793	1529	2.22078	1548.42	0	-0.132496	2.61015	0.35891	1.84275	0.179633	2273;3332;2139;4177;2466;2128;	2273;1839.56;1598.87;1726.46;309.474;254.808;	0.894429;0.707716;0.628576;0.0233995;0.627895;-0.271563;
./tmp//tQC_NA_NA_2.mzML.dia	P16157	P16157	ANK1_HUMAN	ANK1	6043.41	6043.41	6043.41	6043.41	6043.41	6043.41	TAEAVNFATLLYK	TAEAVNFATLLYK	TAEAVNFATLLYK2	2	0.0706278	0.241379	1	6043.41	6043.41	0	3.67223	3894	3.64463	3923.1	0	0.124569	2.39959	0.54318	2.10109	0.245026	1482;2577;2396;5737;1320;1012;	732.152;413.808;1244.08;2299.13;342.244;1012;	0.522588;0.232793;0.227287;0.0509847;0.244256;0.816043;
./tmp//tQC_NA_NA_2.mzML.dia					3.49289e+06	3.49289e+06					TAFHDNEETFLKK	TAFHDNEETFLKK	TAFHDNEETFLKK3	3	0.08	1	0	10282.1	10282.1	0	1.90262	1136.7	1.81993	1206.22	0	0.0249689	3.48861	0.48173	2.0943	0.116846	738;1725;4105;4322;2753;1352;	600.09;1725;1639.4;3330.97;1942.4;1044.19;	0.645694;0.866915;0.155115;0.507793;0.543692;0.648738;
./tmp//tQC_NA_NA_2.mzML.dia	P02787	P02787	TRFE_HUMAN	TF	590578	590578	590578	590578	590578	590578	TAGWNIPMGLLYNK	TAGWNIPMGLLYNK	TAGWNIPMGLLYNK2	2	0.00220264	0.0136986	1	436266	436266	0	3.96995	4215.3	3.9927	4194.28	0	0.966614	5.96204	0.955098	2.59847	0.310329	367717;39738;29617;40714;44286;57961;	367717;39026.2;29210.1;39338.8;42901.2;56990.4;	0.996869;0.98891;0.994318;0.993687;0.991254;0.990386;
./tmp//tQC_NA_NA_2.mzML.dia	P00734	P00734	THRB_HUMAN	F2	10614.2	10614.2	10614.2	10614.2	10614.2	10614.2	TATSEYQTFFNPR	TATSEYQTFFNPR	TATSEYQTFFNPR2	2	0.00220264	0.0136986	1	10614.2	10614.2	0	2.89658	2444.1	2.84099	2593.2	0	0.449897	4.41817	0.955528	0	-1e+07	8599;4516;3940;2678;4830;2920;	6150.13;4062.43;3940;2291.27;4382.89;2003.21;	0.798032;0.82015;0.983561;0.838519;0.882703;0.694815;
./tmp//tQC_NA_NA_2.mzML.dia	P02042	P02042	HBD_HUMAN	HBD	7341.48	7341.48	7341.48	7341.48	7341.48	7341.48	TAVNALWGK	TAVNALWGK	TAVNALWGK2	2	0.490879	0.045977	1	21911.6	21911.6	0	2.45628	1768	2.40756	1868.96	0	0.327349	2.02513	0.179467	0	-1e+07	10113;5544;7184;7056;2962;1284;	8299.75;1511.86;3522.51;7056;1521.53;0;	0.889747;0.292072;0.72929;0.95807;0.587054;0.315972;
./tmp//tQC_NA_NA_2.mzML.dia	P01031	P01031	CO5_HUMAN	C5	12429.9	12429.9	12429.9	12429.9	12429.9	12429.9	TDAPDLPEENQAR	TDAPDLPEENQAR	TDAPDLPEENQAR2	2	0.0940171	0.0136986	1	11260.1	11260.1	0	1.77303	1144.5	1.8316	1112.84	0	0.471883	3.1071	0.464559	3.75687	0.130012	6177;2847;1149;1636;2005;9680;	5054.53;1538.49;777.478;941.51;2005;943.045;	0.717968;0.457862;0.667362;0.646819;0.958748;0.00895894;
./tmp//tQC_NA_NA_2.mzML.dia	P02748	P02748	CO9_HUMAN	C9	16717.4	16717.4	16717.4	16717.4	16717.4	16717.4	TEHYEEQIEAFK	TEHYEEQIEAFK	TEHYEEQIEAFK2	2	0.00220264	0.0136986	1	3844.38	3844.38	0	2.24253	1438	2.12901	1540.91	0	0.152849	3.93813	0.954808	2.10536	0.251764	2505;1734;1620;1157;1417;891;	1410.72;1101.3;1620;757.657;1123.07;467.749;	0.688917;0.751374;0.960408;0.722842;0.824539;0.660943;
./tmp//tQC_NA_NA_2.mzML.dia	P02748	P02748	CO9_HUMAN	C9	16717.4	16717.4	16717.4	16717.4	16717.4	16717.4	TEHYEEQIEAFK	TEHYEEQIEAFK	TEHYEEQIEAFK3	3	0.541224	0.0136986	1	111487	111487	0	2.06252	1444.2	2.13504	1377	0	0.772088	2.93847	0.163061	3.35323	0.216056	7614;2907;7460;9015;3619;94124;	906.608;0;7460;8696.64;299.503;94124;	-0.158442;-0.0715677;0.985462;0.950005;-0.150637;0.957045;
./tmp//tQC_NA_NA_2.mzML.dia	P02751	P02751	FINC_HUMAN	FN1	21839.1	21839.1	21839.1	21839.1	21839.1	21839.1	TEIDKPSQMQVTDVQDNSISVK	TEIDKPSQMQVTDVQDNSISVK	TEIDKPSQMQVTDVQDNSISVK3	3	0.00364299	0.0136986	1	4683.45	4683.45	0	2.40415	1956.7	2.55828	1796.23	0	0.276186	3.60496	0.950721	0	-1e+07	1840;1981;2739;1607;6034;1176;	1757.68;1981;1371.54;944.777;726.164;640.083;	0.887317;0.947094;0.574751;0.781164;-0.171415;0.698801;
./tmp//tQC_NA_NA_2.mzML.dia	P01024	P01024	CO3_HUMAN	C3	153839	153839	153839	153839	153839	153839	TELRPGETLN	TELRPGETLN	TELRPGETLN2	2	0.232536	0.0136986	1	6055.24	6055.24	0	1.8546	1128.2	1.80678	1167.6	0	-0.139903	2.73465	0.311249	2.08176	0.750307	3281;865;3399;2621;1716;1852;	3281;329.983;1628.57;166.626;0;649.054;	0.959133;0.343481;0.700265;-0.115834;-0.16094;0.345134;
./tmp//tQC_NA_NA_2.mzML.dia	P01024	P01024	CO3_HUMAN	C3	153839	153839	153839	153839	153839	153839	TELRPGETLNVNFLLR	TELRPGETLNVNFLLR	TELRPGETLNVNFLLR3	3	0.00220264	0.0136986	1	100437	100437	0	3.53355	3778.3	3.56663	3685.61	0	0.993846	5.77602	0.956393	1.07001	0.160673	71946;47320;40619;27816;20605;26399;	71923.5;47320;40619;27237;19530.4;25880.1;	0.956098;0.956435;0.954654;0.958783;0.947984;0.966619;
./tmp//tQC_NA_NA_2.mzML.dia	P19823	P19823	ITIH2_HUMAN	ITIH2	72324.5	72324.5	72324.5	72324.5	72324.5	72324.5	TEVNVLPGAK	TEVNVLPGAK	TEVNVLPGAK2	2	0.00220264	0.0136986	1	29165.1	29165.1	0	2.02552	1411.7	2.10416	1335.02	0	0.364216	5.63021	0.956429	0	-1e+07	31480;16329;15926;9216;4909;7078;	21701.2;16329;13592.6;8634.33;4201.78;3809.48;	0.889882;0.965245;0.941928;0.973831;0.975342;0.927245;
./tmp//tQC_NA_NA_2.mzML.dia	P01023	P01023	A2MG_HUMAN	A2M	171027	171027	171027	171027	171027	171027	TEVSSNHVLIYLDK	TEVSSNHVLIYLDK	TEVSSNHVLIYLDK2	2	0.00220264	0.0136986	1	12836.2	12836.2	0	2.66313	2175.4	2.65513	2138.08	0	0.756047	5.62569	0.955971	2.29221	0.143832	23500;9179;4981;5008;3880;4245;	11106.7;9179;4540.3;4597.16;3698.78;4079.26;	0.580489;0.944266;0.955238;0.97266;0.959266;0.953814;
./tmp//tQC_NA_NA_2.mzML.dia	P01023	P01023	A2MG_HUMAN	A2M	171027	171027	171027	171027	171027	171027	TEVSSNHVLIYLDK	TEVSSNHVLIYLDK	TEVSSNHVLIYLDK3	3	0.00220264	0.0136986	1	97175.1	97175.1	0	2.65533	2170.6	2.6528	2127.61	0	0.950304	5.44127	0.95622	2.34137	0.159701	58795;20331;18930;43081;19139;12445;	57914.1;20331;18930;26015.9;17798.2;10773.8;	0.915062;0.921268;0.940717;0.672421;0.90832;0.893756;
./tmp//tQC_NA_NA_2.mzML.dia					3.49289e+06	3.49289e+06					TFHSHGITYYK	TFHSHGITYYK	TFHSHGITYYK3	3	0.240266	1	0	7734.17	7734.17	0	1.67892	933.6	1.43048	1059.7	0	0.418423	1.98101	0.306382	1.19854	0.114381	1278;2691;1152;2914;1697;2597;	1003.09;2691;344.304;959.427;742.688;1993.65;	0.573265;0.935917;-0.0296193;0.0280561;0.291027;0.538822;
./tmp//tQC_NA_NA_2.mzML.dia	Q96PD5	Q96PD5	PGRP2_HUMAN	PGLYRP2	19050.9	19050.9	19050.9	19050.9	19050.9	19050.9	TFTLLDPK	TFTLLDPK	TFTLLDPK2	2	0.00364299	0.0136986	1	11820.7	11820.7	0	2.89982	2492.9	2.8724	2599.83	0	-0.0345102	3.24213	0.951065	2.51384	0.118551	8549;2034;3143;3340;3729;3016;	8549;1618.68;1652.98;626.653;1148.11;843.064;	0.992221;0.958191;0.828841;0.111131;0.212002;0.256982;
./tmp//tQC_NA_NA_2.mzML.dia	P35858	P35858	ALS_HUMAN	IGFALS	11092.5	11092.5	11092.5	11092.5	11092.5	11092.5	TFTPQPPGLER	TFTPQPPGLER	TFTPQPPGLER2	2	0.00625	0.0136986	1	6687.09	6687.09	0	2.37428	1829.3	2.44441	1744.85	0	0.340271	3.44652	0.945844	0	-1e+07	3857;2823;5435;501;2677;2721;	3857;2341.25;1596.46;488.843;1480.76;1053.51;	0.98416;0.825619;-0.144494;0.913687;0.625141;0.690934;
./tmp//tQC_NA_NA_2.mzML.dia					3.49289e+06	3.49289e+06					TGDKVYVHLK	TGDKVYVHLK	TGDKVYVHLK2	2	0.276147	1	0	1005.1	1005.1	0	1.58372	1001	1.57076	1011.83	0	0.393816	2.0698	0.275008	1.71507	0.348812	348;319;190;503;1047;1318;	0;319;0;236.423;263.75;185.929;	0.120882;0.866182;0.306253;0.389692;0.278202;-0.258458;
./tmp//tQC_NA_NA_2.mzML.dia	P04114	P04114	APOB_HUMAN	APOB	43710.3	43710.3	43710.3	43710.3	43710.3	43710.3	TGISPLALIK	TGISPLALIK	TGISPLALIK2	2	0.00220264	0.0136986	1	34807.3	34807.3	0	3.43142	3455.2	3.412	3472.06	0	0.98642	5.7211	0.954854	0	-1e+07	26700;16224;4109;4350;3762;9648;	26700;16205.3;3932.31;4174.98;3749.84;8107.49;	0.977675;0.972771;0.987943;0.991863;0.941101;0.976843;
./tmp//tQC_NA_NA_2.mzML.dia	P01024	P01024	CO3_HUMAN	C3	153839	153839	153839	153839	153839	153839	TGLQEVEVK	TGLQEVEVK	TGLQEVEVK2	2	0.00220264	0.0136986	1	48105.4	48105.4	0	1.86477	1195.6	1.89865	1175.32	0	0.972019	5.73176	0.956153	0	-1e+07	46840;28769;15710;12348;11536;10842;	46049.3;26052.8;12792.6;12192.2;11536;10516.5;	0.942739;0.962014;0.92246;0.951338;0.9636;0.956317;
./tmp//tQC_NA_NA_2.mzML.dia	Q7Z7G0	Q7Z7G0	TARSH_HUMAN	ABI3BP	5467.43	5467.43	5467.43	5467.43	5467.43	5467.43	TGQQLTSDQLPIKEGYFR	TGQQLTSDQLPIKEGYFR	TGQQLTSDQLPIKEGYFR3	3	0.330986	0.241379	1	60250.6	60250.6	0	3.1534	2556.1	2.90005	2975.97	0	0.00470166	4.34053	0.241159	3.71302	0.37943	42968;3098;650;3344;10674;5323;	42968;1767.21;36.4326;2995.73;8772.36;3710.9;	0.991612;0.761945;0.119419;0.946568;0.881016;0.854211;
./tmp//tQC_NA_NA_2.mzML.dia	P48740	P48740	MASP1_HUMAN	MASP1	10437.1	10437.1	10437.1	10437.1	10437.1	10437.1	TGVITSPDFPNPYPK	TGVITSPDFPNPYPK	TGVITSPDFPNPYPK2	2	0.0311332	0.166667	1	10437.1	10437.1	0	2.97145	2773.5	2.98827	2754.86	0	0.335142	1.67873	0.711548	0	-1e+07	2630;7014;1993;2196;2995;2498;	573.268;7014;681.518;1019.6;426.12;722.551;	0.138423;0.953247;0.286567;0.317047;-0.298703;0.170564;
./tmp//tQC_NA_NA_2.mzML.dia	P23142	P23142	FBLN1_HUMAN	FBLN1	10557.8	10557.8	10557.8	10557.8	10557.8	10557.8	TGYYFDGISR	TGYYFDGISR	TGYYFDGISR2	2	0.00220264	0.0136986	1	10557.8	10557.8	0	2.60732	1990.6	2.58315	2058.97	0	-0.074882	4.33659	0.954194	0	-1e+07	3457;5766;3127;3654;15768;1805;	2725.49;5600.89;2237.89;3654;2636.95;1302.93;	0.738156;0.911905;0.517726;0.952771;0.580425;0.763357;
./tmp//tQC_NA_NA_2.mzML.dia	P02647	P02647	APOA1_HUMAN	APOA1	1.27836e+06	1.27836e+06	1.27836e+06	1.27836e+06	1.27836e+06	1.27836e+06	THLAPYSDELR	THLAPYSDELR	THLAPYSDELR2	2	0.00220264	0.0136986	1	394724	394724	0	1.94352	1221	1.92748	1243.82	0	0.930624	5.71032	0.95657	4.25363	0.418818	150658;107819;112624;131452;53360;18065;	150658;107785;112624;131442;52402.2;17398.9;	0.956744;0.944416;0.953928;0.957977;0.931559;0.952363;
./tmp//tQC_NA_NA_2.mzML.dia	P02774	P02774	VTDB_HUMAN	GC	53475.6	53475.6	53475.6	53475.6	53475.6	53475.6	THLPEVFLSK	THLPEVFLSK	THLPEVFLSK2	2	0.00220264	0.0136986	1	31302.8	31302.8	0	2.6443	2153.2	2.6448	2112.82	0	0.949872	4.91706	0.955768	2.24167	0.0971299	14330;14586;7610;3196;7018;5033;	14164.1;14584.8;7610;2553.86;1465.84;2163.9;	0.952668;0.939965;0.939361;0.946276;0.313728;0.715082;
./tmp//tQC_NA_NA_2.mzML.dia	P04264	P04264	K2C1_HUMAN	KRT1	15216.4	15216.4	15216.4	15216.4	15216.4	15216.4	THNLEPYFESFINNLRR	THNLEPYFESFINNLRR	THNLEPYFESFINNLRR3	3	0.343505	0.338983	1	5156.55	5156.55	0	3.72157	4063.5	3.7736	3991.68	0	0.561911	1.64819	0.233403	2.08393	0.0978829	1932;3038;1906;509;1693;2439;	386.577;3038;683.117;0;200.241;848.613;	-0.0576254;0.911113;0.224476;-0.118854;0.135045;0.181591;
./tmp//tQC_NA_NA_2.mzML.dia					3.49289e+06	3.49289e+06					THPSQKPLSITVR	THPSQKPLSITVR	THPSQKPLSITVR3	3	0.00937082	1	0	1029.3	1029.3	0	1.65512	1019	1.60736	1047.26	0	0.300059	2.56911	0.866276	1.89839	0.092479	760;749;775;66;265;849;	760;138.75;103.066;0;130.553;118.896;	0.950884;0.529528;0.227146;0.21393;0.650268;0.144083;
./tmp//tQC_NA_NA_2.mzML.dia	P00352	P00352	AL1A1_HUMAN	ALDH1A1	9998.26	9998.26	9998.26	9998.26	9998.26	9998.26	TIPIDGNFFTYTR	TIPIDGNFFTYTR	TIPIDGNFFTYTR2	2	0.254682	0.603053	1	9998.26	9998.26	0	3.75985	3724.4	3.53473	4037.88	0	0.0705766	3.30775	0.290327	0	-1e+07	2499;928;1710;4571;1927;3028;	2499;534.154;1033.81;2718.84;1111.54;2100.92;	0.933675;0.43543;0.474726;0.673864;0.593275;0.184551;
./tmp//tQC_NA_NA_2.mzML.dia	P01024	P01024	CO3_HUMAN	C3	153839	153839	153839	153839	153839	153839	TIYTPGSTVLYR	TIYTPGSTVLYR	TIYTPGSTVLYR2	2	0.00220264	0.0136986	1	64911.3	64911.3	0	2.69667	2283.2	2.71606	2186.44	0	0.995681	5.76944	0.95639	0	-1e+07	85294;30420;20426;19701;8735;14709;	85294;30420;20417.5;16302.8;7988.39;14073.8;	0.945889;0.957438;0.976905;0.932238;0.956583;0.97853;
./tmp//tQC_NA_NA_2.mzML.dia	P01024	P01024	CO3_HUMAN	C3	153839	153839	153839	153839	153839	153839	TKKQELSEAEQATR	TKKQELSEAEQATR	TKKQELSEAEQATR3	3	0.00625	0.0136986	1	7573.57	7573.57	0	1.12612	741.1	1.04196	799.16	0	0.254844	4.52767	0.947793	4.85049	0.470978	3391;2833;75178;2475;2706;2107;	3161.88;2488.93;6657.13;2304.7;1796.16;2107;	0.898758;0.860051;0.166725;0.938961;0.729678;0.941404;
./tmp//tQC_NA_NA_2.mzML.dia	P08603	P08603	CFAH_HUMAN	CFH	18703.8	18703.8	18703.8	18703.8	18703.8	18703.8	TKNDFTWFK	TKNDFTWFK	TKNDFTWFK2	2	0.0621404	0.0136986	1	15765.9	15765.9	0	2.73107	1974.2	2.57218	2249.62	0	0.445732	3.01587	0.571304	1.80717	0.0886706	4251;7890;3933;3631;4583;3674;	3479.53;2200.53;2378.36;2199.78;1833.68;3674;	0.579153;0.0712625;0.253385;0.60481;-0.0228286;0.935796;
./tmp//tQC_NA_NA_2.mzML.dia	P00736	P00736	C1R_HUMAN	C1R	15140.4	15140.4	15140.4	15140.4	15140.4	15140.4	TLDEFTIIQNLQPQYQFR	TLDEFTIIQNLQPQYQFR	TLDEFTIIQNLQPQYQFR3	3	0.00625	0.025	1	9421.41	9421.41	0	4.14173	4280.8	4.17805	4273.89	0	0.301957	3.43508	0.943049	3.21031	0.103949	6259;7196;1094;5260;5454;3596;	6259;2361.49;571.41;2591;1546.2;1602.17;	0.982025;0.464026;0.775036;0.70731;0.406613;0.672874;
./tmp//tQC_NA_NA_2.mzML.dia					3.49289e+06	3.49289e+06					TLDNDIMLIK	TLDNDIMLIK	TLDNDIMLIK2	2	0.0687711	1	0	6975.36	6975.36	0	3.1006	2937.7	3.12558	2887.63	0	-0.215921	1.99987	0.549845	0	-1e+07	2337;2540;1986;2582;907;427;	1691.45;2540;662.409;1353.27;494.127;234.105;	0.499346;0.909039;-0.120311;0.500487;0.223421;0.327356;
./tmp//tQC_NA_NA_2.mzML.dia	P05546	P05546	HEP2_HUMAN	SERPIND1	18971.3	18971.3	18971.3	18971.3	18971.3	18971.3	TLEAQLTPR	TLEAQLTPR	TLEAQLTPR2	2	0.00937082	0.0136986	1	13199.6	13199.6	0	2.03785	1351.8	2.0509	1350.44	0	0.825382	3.00403	0.868754	1.45201	0.254365	6105;4084;3727;4644;15455;10465;	6077.24;4084;3038.39;2438.7;760.648;2949.32;	0.968181;0.99044;0.863568;0.723183;-0.208518;0.415202;
./tmp//tQC_NA_NA_2.mzML.dia	P10909	P10909	CLUS_HUMAN	CLU	31118.6	31118.6	31118.6	31118.6	31118.6	31118.6	TLLSNLEEAK	TLLSNLEEAK	TLLSNLEEAK2	2	0.160966	0.0136986	1	51842.1	51842.1	0	2.82842	2226.6	2.68192	2465.69	0	0.395401	2.89946	0.375424	1.66857	0.119645	9938;41146;6591;9878;2203;42528;	9908.53;15684.1;3273.8;3522.57;2203;19453.1;	0.886663;0.184918;0.584427;0.674622;0.876204;0.608485;
./tmp//tQC_NA_NA_2.mzML.dia	P35527	P35527	K1C9_HUMAN	KRT9	15170.6	15170.6	15170.6	15170.6	15170.6	15170.6	TLNDMRQEYEQLIAK	TLNDMRQEYEQLIAK	TLNDMRQEYEQLIAK3	3	0.0659091	0.166667	1	8112.95	8112.95	0	3.26178	2818.4	3.02345	3177.03	0	0.34549	1.75168	0.563381	2.71914	0.387509	6075;1092;3269;1555;815;597;	6075;78.8606;1002.76;956.322;69.0724;0;	0.972259;-0.186966;0.0358242;0.753417;-0.0755398;-0.0470743;
./tmp//tQC_NA_NA_2.mzML.dia	P04114	P04114	APOB_HUMAN	APOB	43710.3	43710.3	43710.3	43710.3	43710.3	43710.3	TLQGIPQMIGEVIR	TLQGIPQMIGEVIR	TLQGIPQMIGEVIR2	2	0.199609	0.0136986	1	4734.87	4734.87	0	4.12983	4255.6	4.10246	4268.93	0	0.00757362	2.84851	0.334474	1.81382	0.0984407	2313;2966;1473;3192;1099;331;	2313;1349.91;248.877;750.315;563.339;72.7704;	0.973632;0.611109;0.366408;0.115161;0.615191;0.206077;
./tmp//tQC_NA_NA_2.mzML.dia	P19827	P19827	ITIH1_HUMAN	ITIH1	39447.3	39447.3	39447.3	39447.3	39447.3	39447.3	TMEQFTIHLTVNPQSK	TMEQFTIHLTVNPQSK	TMEQFTIHLTVNPQSK3	3	0.00220264	0.0136986	1	18576.1	18576.1	0	3.00325	2778.8	2.99214	2797.34	0	-0.0480622	4.79914	0.956671	0	-1e+07	7644;5764;14993;7739;5363;4559;	7622.94;5764;10139.7;7438.05;5189.17;3464.99;	0.965768;0.984988;0.549327;0.932026;0.937993;0.860008;
./tmp//tQC_NA_NA_2.mzML.dia	P01024	P01024	CO3_HUMAN	C3	153839	153839	153839	153839	153839	153839	TMQALPYSTVGNSNNYLHLSVLR	TMQALPYSTVGNSNNYLHLSVLR	TMQALPYSTVGNSNNYLHLSVLR4	4	0.00220264	0.0136986	1	17551.1	17551.1	0	3.53398	3789.3	3.57396	3686.45	0	0.084832	5.29573	0.955444	2.79911	0.187424	6831;8566;4746;13496;5021;6686;	6831;6656.88;2686.32;4770.3;4063.21;4983.23;	0.974556;0.956224;0.894824;0.737816;0.945586;0.936151;
./tmp//tQC_NA_NA_2.mzML.dia					3.49289e+06	3.49289e+06					TNAVAHVDDM(UniMod:35)PNALSALSDLHAHK	TNAVAHVDDMPNALSALSDLHAHK	TNAVAHVDDM(UniMod:35)PNALSALSDLHAHK3	3	0.468567	1	0	13397	13397	0	3.5515	3572.1	3.46678	3719.88	0	0.0457418	2.13323	0.188741	2.07651	0.602614	3598;7566;2078;3501;3568;4553;	2359.41;3408.82;1423.15;1638.07;3568;999.582;	0.153752;-0.127852;0.566457;0.350563;0.89677;0.300466;
./tmp//tQC_NA_NA_2.mzML.dia					3.49289e+06	3.49289e+06					TNAVAHVDDMPNALSALSDLHAHK	TNAVAHVDDMPNALSALSDLHAHK	TNAVAHVDDMPNALSALSDLHAHK4	4	0.308994	1	0	13012.9	13012.9	0	3.32388	2976.2	3.15406	3274.61	0	0.0110247	2.5062	0.25391	2.00558	0.214252	1785;5533;4359;3496;1890;1984;	958.071;5533;4262.47;525.583;1201.5;532.249;	0.650865;0.959307;0.926884;-0.214352;0.682664;0.12478;
./tmp//tQC_NA_NA_2.mzML.dia					3.49289e+06	3.49289e+06					TNAVAHVDDMPNALSALSDLHAHK	TNAVAHVDDMPNALSALSDLHAHK	TNAVAHVDDMPNALSALSDLHAHK5	5	0.319432	1	0	3788.68	3788.68	0	3.06143	2965.4	3.14654	2849.34	0	0.27076	2.30504	0.249027	0	-1e+07	958;539;3912;1474;1448;2683;	583.402;261.131;892.566;1474;0;577.575;	0.464556;0.541391;0.414832;0.92155;0.105747;0.166131;
./tmp//tQC_NA_NA_2.mzML.dia	P09871	P09871	C1S_HUMAN	C1S	21662.4	21662.4	21662.4	21662.4	21662.4	21662.4	TNFDNDIALVR	TNFDNDIALVR	TNFDNDIALVR2	2	0.00625	0.0136986	1	6111.35	6111.35	0	2.79403	2416.4	2.81783	2398.55	0	0.0600041	4.22254	0.944372	1.89831	0.352544	44819;8616;6283;2344;1946;3311;	5270.43;3807.71;2729.83;2215.94;1946;1949.41;	-0.14449;0.476859;0.51582;0.959279;0.952835;0.813152;
./tmp//tQC_NA_NA_2.mzML.dia	P05155	P05155	IC1_HUMAN	SERPING1	83273	83273	83273	83273	83273	83273	TNLESILSYPK	TNLESILSYPK	TNLESILSYPK2	2	0.00220264	0.0136986	1	37662.9	37662.9	0	3.2869	3170.4	3.2472	3216.6	0	0.363714	5.61025	0.956522	0	-1e+07	15762;12687;9536;7620;7380;7043;	15762;12581.1;9319.74;7244.61;6738.28;5738.85;	0.992465;0.981913;0.968862;0.950007;0.943942;0.800927;
./tmp//tQC_NA_NA_2.mzML.dia	P69905	P69905	HBA_HUMAN	HBA1	26062.1	26062.1	26062.1	26062.1	26062.1	26062.1	TNVKAAWGK	TNVKAAWGK	TNVKAAWGK2	2	0.436441	0.0136986	1	9125.26	9125.26	0	1.92643	1153.7	1.84487	1227.54	0	0.00952947	2.72561	0.198197	1.65208	0.0984577	11788;4687;1384;4138;1752;3293;	268.985;3018.52;472.067;4138;224.347;1003.35;	0.0840967;0.619285;0.392208;0.954701;0.0843464;-0.0368223;
./tmp//tQC_NA_NA_2.mzML.dia	P04217	P04217	A1BG_HUMAN	A1BG	57438.7	57438.7	57438.7	57438.7	57438.7	57438.7	TPGAAANLELIFVGPQHAGNYR	TPGAAANLELIFVGPQHAGNYR	TPGAAANLELIFVGPQHAGNYR3	3	0.00220264	0.0136986	1	35328.7	35328.7	0	3.53787	3764.8	3.55799	3693.94	0	0.974868	5.34976	0.956157	0	-1e+07	17982;8733;10689;4450;12081;8188;	17982;8355.27;8991.46;1478.92;7811.1;7326.6;	0.985475;0.974344;0.985157;0.479154;0.945971;0.970602;
./tmp//tQC_NA_NA_2.mzML.dia	P04217	P04217	A1BG_HUMAN	A1BG	57438.7	57438.7	57438.7	57438.7	57438.7	57438.7	TPGAAANLELIFVGPQHAGNYR	TPGAAANLELIFVGPQHAGNYR	TPGAAANLELIFVGPQHAGNYR4	4	0.00220264	0.0136986	1	15628.1	15628.1	0	3.54413	3680.8	3.51306	3705.94	0	-0.12381	5.4233	0.956034	2.15157	0.291427	8265;4888;3238;3394;4164;6390;	8140.32;4797.34;3228.07;3323.74;4164;4047.81;	0.953288;0.919319;0.947649;0.948506;0.988832;0.629006;
./tmp//tQC_NA_NA_2.mzML.dia					3.49289e+06	3.49289e+06					TPGSTVLYR	TPGSTVLYR	TPGSTVLYR2	2	0.0179487	1	0	3448.7	3448.7	0	1.81543	1158.3	1.85129	1139.83	0	0.395297	2.40017	0.783082	1.82799	0.0921659	2826;1197;730;861;1365;1871;	930.738;1197;149.797;293.919;402.473;474.772;	0.535012;0.932463;0.231025;0.412182;0.42146;0.148296;
./tmp//tQC_NA_NA_2.mzML.dia	P01876	P01876	IGHA1_HUMAN	IGHA1	699331	699331	699331	699331	699331	699331	TPLTATLSK	TPLTATLSK	TPLTATLSK2	2	0.00625	0.0136986	1	699331	699331	0	1.97488	1312.8	2.01666	1276.04	0	0.970371	4.83215	0.945542	2.16464	0.166064	130949;116967;193545;396442;2814;39319;	130949;116912;193545;388874;403.074;38939.2;	0.98082;0.987701;0.988871;0.985722;-0.0226749;0.97552;
./tmp//tQC_NA_NA_2.mzML.dia	P06396	P06396	GELS_HUMAN	GSN	21257.3	21257.3	21257.3	21257.3	21257.3	21257.3	TPSAAYLWVGTGASEAEK	TPSAAYLWVGTGASEAEK	TPSAAYLWVGTGASEAEK3	3	0.00220264	0.0136986	1	11247	11247	0	3.06447	2848.8	3.04947	2851.92	0	0.0983377	4.16862	0.956277	0	-1e+07	4570;4839;3851;3479;3989;2934;	4570;3846.07;2996.59;2830.94;1800.38;1869.85;	0.96824;0.882914;0.829556;0.915351;0.448823;0.810967;
./tmp//tQC_NA_NA_2.mzML.dia					3.49289e+06	3.49289e+06					TPTLVEVSR	TPTLVEVSR	TPTLVEVSR2	2	0.00625	1	0	26431.5	26431.5	0	2.74037	2049.5	2.61046	2270.47	0	0.104981	4.68024	0.941325	1.72457	0.315426	15352;3274;7060;45983;1591;8508;	15336;2587.47;6377.51;42285.6;1285.1;8508;	0.955777;0.928923;0.924448;0.926304;0.902945;0.979503;
./tmp//tQC_NA_NA_2.mzML.dia	P02768	P02768	ALBU_HUMAN	ALB	6.02018e+06	6.02018e+06	6.52224e+06	6.52224e+06	6.52224e+06	6.52224e+06	TPVSDRVTK	TPVSDRVTK	TPVSDRVTK2	2	0.00937082	0.0136986	1	4603.53	4603.53	0	0.9275	706.1	0.97184	704.09	0	0.73384	3.79934	0.882897	3.4832	0.168849	3065;1490;1505;292;1168;6076;	3065;549.771;412.148;0;988.764;846.636;	0.980288;0.704809;0.539722;0.320684;0.945979;0.0946822;
./tmp//tQC_NA_NA_2.mzML.dia	P06681	P06681	CO2_HUMAN	C2	9218.82	9218.82	9218.82	9218.82	9218.82	9218.82	TPWHVTIKPK	TPWHVTIKPK	TPWHVTIKPK2	2	0.107368	0.0136986	1	2797.32	2797.32	0	1.55948	1159.6	1.85308	1000.33	0	-0.0407563	1.83256	0.445791	0	-1e+07	5118;7;27;39;600;693;	1872.54;0;0;0;231.777;693;	0.651462;0.523099;0.0571492;-0.123977;0.595325;0.92695;
./tmp//tQC_NA_NA_2.mzML.dia	P06727	P06727	APOA4_HUMAN	APOA4	59703.7	59703.7	59703.7	59703.7	59703.7	59703.7	TQVNTQAEQLR	TQVNTQAEQLR	TQVNTQAEQLR2	2	0.00220264	0.0136986	1	6519.74	6519.74	0	1.46212	961.1	1.48798	955.753	0	0.564223	5.36597	0.956463	1.93464	0.0978696	2912;2837;1128;1645;1131;1332;	2807.37;2584.38;1128;1275.61;998.965;870.089;	0.979284;0.970076;0.971622;0.93608;0.940935;0.903991;
./tmp//tQC_NA_NA_2.mzML.dia	P01040	P01040	CYTA_HUMAN	CSTA	5252.29	5252.29	5252.29	5252.29	5252.29	5252.29	TQVVAGTNYYIK	TQVVAGTNYYIK	TQVVAGTNYYIK2	2	0.552932	0.865772	1	5252.29	5252.29	0	2.57333	1628	2.31521	1996.1	0	0.348553	1.4799	0.160068	0	-1e+07	1872;2237;1117;2958;2954;735;	1660.83;1630.08;1117;1434.88;844.386;0;	0.690328;0.467559;0.846101;0.247509;-0.186522;-0.266654;
./tmp//tQC_NA_NA_2.mzML.dia					3.49289e+06	3.49289e+06					TSAHGNVAEGETKPDPDVTER	TSAHGNVAEGETKPDPDVTER	TSAHGNVAEGETKPDPDVTER4	4	0.00220264	1	0	3466.8	3466.8	0	1.31153	861.6	1.28339	887.642	0	-0.0978586	4.47003	0.954907	2.3572	0.154648	3589;1650;1378;805;2439;1192;	1633.21;1148.53;660.279;805;1847.72;814.078;	0.783897;0.899318;0.790055;0.900221;0.948261;0.906082;
./tmp//tQC_NA_NA_2.mzML.dia					3.49289e+06	3.49289e+06					TSDNHGATYAFSGTHYWR	TSDNHGATYAFSGTHYWR	TSDNHGATYAFSGTHYWR4	4	0.373391	1	0	17932.7	17932.7	0	2.06252	1529.6	2.22139	1377	0	0	2.3449	0.219599	2.26608	0.0967568	2752;4147;21306;8571;4276;5635;	1965.08;4103.74;828.735;4655.26;744.89;5635;	0.782544;0.903117;-0.23391;0.184586;0.153551;0.970769;
./tmp//tQC_NA_NA_2.mzML.dia	P01008	P01008	ANT3_HUMAN	SERPINC1	262560	262560	262560	262560	262560	262560	TSDQIHFFFAK	TSDQIHFFFAK	TSDQIHFFFAK2	2	0.00625	0.0136986	1	9522.43	9522.43	0	3.09087	2729	2.95998	2876.74	0	0.52893	4.78648	0.942669	2.11334	0.163645	4857;5244;5577;3025;5432;2445;	4857;3682.69;2510.12;2755.3;3927.36;1910.13;	0.963602;0.843129;0.554615;0.969586;0.879296;0.938662;
./tmp//tQC_NA_NA_2.mzML.dia	P43251	P43251	BTD_HUMAN	BTD	4259.04	4259.04	4259.04	4259.04	4259.04	4259.04	TSIYPFLDFMPSPQVVR	TSIYPFLDFMPSPQVVR	TSIYPFLDFMPSPQVVR3	3	0.0525701	0.025	1	14355.1	14355.1	0	4.52143	4405	4.5684	4377.8	0	0.730483	4.44025	0.595869	4.26651	0.320412	6996;3194;226;622;3410;2855;	6996;2128.79;0;356.316;2186.91;2687.08;	0.968045;0.576191;0.233542;0.541466;0.756665;0.854579;
./tmp//tQC_NA_NA_2.mzML.dia	P02748	P02748	CO9_HUMAN	C9	16717.4	16717.4	16717.4	16717.4	16717.4	16717.4	TSNFNAAISLK	TSNFNAAISLK	TSNFNAAISLK2	2	0.00364299	0.0136986	1	3514.78	3514.78	0	2.48398	1943	2.5456	1893.85	0	0.22352	2.86539	0.95368	1.91683	0.104434	2677;1810;1568;3548;1389;1399;	994.339;1222.42;1568;1246.5;724.359;645.825;	0.432944;0.799666;0.961441;0.119941;0.748825;0.501108;
./tmp//tQC_NA_NA_2.mzML.dia	P35908	P35908	K22E_HUMAN	KRT2	11989.9	11989.9	11989.9	11989.9	11989.9	11989.9	TSQNSELNNMQDLVEDYKK	TSQNSELNNMQDLVEDYKK	TSQNSELNNMQDLVEDYKK3	3	0.224254	0.231481	1	10966.3	10966.3	0	2.92082	2567.6	2.90404	2645.64	0	-0.106206	3.10238	0.315749	3.1129	0.226953	43260;2512;2451;2040;3649;3497;	2312.52;1303.01;2451;1211.72;1668.55;2019.54;	0.289724;0.13563;0.844517;0.298045;0.483656;0.658856;
./tmp//tQC_NA_NA_2.mzML.dia	P00450	P00450	CERU_HUMAN	CP	71879.6	71879.6	71879.6	71879.6	71879.6	71879.6	TTIEKPVWLGFLGPIIK	TTIEKPVWLGFLGPIIK	TTIEKPVWLGFLGPIIK3	3	0.00220264	0.0136986	1	61247.7	61247.7	0	4.4589	4369.8	4.45979	4362.86	0	0.969961	5.9472	0.95556	2.42115	0.0981829	42127;28478;17282;10244;9740;8715;	42127;28382;17148.9;9658.74;9461.94;8568.35;	0.993814;0.992871;0.982498;0.996958;0.994013;0.988944;
./tmp//tQC_NA_NA_2.mzML.dia	P0C0L4;P0C0L5	P0C0L4;P0C0L5	CO4A_HUMAN;CO4B_HUMAN	C4A;C4B	101288	101288	101288	101288			TTNIQGINLLFSSR	TTNIQGINLLFSSR	TTNIQGINLLFSSR2	2	0.00220264	0.0136986	0	22337.6	22337.6	0	3.61187	3856	3.61869	3827.57	0	0.917397	5.73056	0.956646	2.116	0.114954	11575;11978;6176;8100;7233;8456;	11575;11624.3;5097.11;7000.94;4942.32;5665.5;	0.961389;0.959462;0.962011;0.956021;0.944709;0.965721;
./tmp//tQC_NA_NA_2.mzML.dia	P0C0L4;P0C0L5	P0C0L4;P0C0L5	CO4A_HUMAN;CO4B_HUMAN	C4A;C4B	101288	101288	101288	101288			TTNIQGINLLFSSR	TTNIQGINLLFSSR	TTNIQGINLLFSSR3	3	0.00220264	0.0136986	0	8909.61	8909.61	0	3.6045	3851.6	3.61572	3815.07	0	0	4.70116	0.955297	0	-1e+07	9124;5218;2339;3237;2379;2726;	9124;4355.28;1930.85;2623.48;1521.7;1630.47;	0.876683;0.886781;0.880353;0.888308;0.858096;0.877942;
./tmp//tQC_NA_NA_2.mzML.dia	Q96KN2	Q96KN2	CNDP1_HUMAN	CNDP1	3919.78	3919.78	3919.78	3919.78	3919.78	3919.78	TVFGTEPDMIR	TVFGTEPDMIR	TVFGTEPDMIR2	2	0.0155642	0.0531915	1	20557.1	20557.1	0	2.7566	2298.7	2.72629	2311.53	0	0.29273	4.37798	0.801042	0	-1e+07	2538;11594;2933;6444;7335;2919;	1362.22;5585.31;836.867;6444;4603.65;1725.04;	0.755989;0.577131;0.65587;0.967384;0.712528;0.676386;
./tmp//tQC_NA_NA_2.mzML.dia	P01042	P01042	KNG1_HUMAN	KNG1	55344.2	55344.2	55344.2	55344.2	55344.2	55344.2	TVGSDTFYSFK	TVGSDTFYSFK	TVGSDTFYSFK2	2	0.00220264	0.0136986	1	55344.2	55344.2	0	2.7196	2154.2	2.64523	2226.37	0	0.899125	4.67804	0.954251	2.71587	0.103597	41759;9200;10285;19971;8059;4535;	41638.2;9171;8826.33;4226.72;4348.1;4535;	0.908448;0.932874;0.888588;0.0221771;0.745934;0.957019;
./tmp//tQC_NA_NA_2.mzML.dia	P01042	P01042	KNG1_HUMAN	KNG1	55344.2	55344.2	55344.2	55344.2	55344.2	55344.2	TVGSDTFYSFKYEIK	TVGSDTFYSFKYEIK	TVGSDTFYSFKYEIK3	3	0.36348	0.0136986	1	4932.45	4932.45	0	2.80505	2726.5	2.95864	2421.01	0	0.078039	1.80046	0.224214	0	-1e+07	1712;1791;2327;2668;702;1017;	1712;478.646;1040.24;963.454;180.815;557.293;	0.900425;0.0149731;0.208385;0.0018821;-0.106993;0.536182;
./tmp//tQC_NA_NA_2.mzML.dia	P01024	P01024	CO3_HUMAN	C3	153839	153839	153839	153839	153839	153839	TVMVNIENPEGIPVK	TVMVNIENPEGIPVK	TVMVNIENPEGIPVK2	2	0.00220264	0.0136986	1	47903.3	47903.3	0	2.97145	3002.2	3.17027	2754.86	0	0.47813	5.92475	0.95636	0	-1e+07	25855;11323;12854;17521;10706;5828;	25855;11140;12280.9;16951.8;9552.63;5096.57;	0.99384;0.982998;0.977788;0.996023;0.989523;0.989659;
./tmp//tQC_NA_NA_2.mzML.dia	P01024	P01024	CO3_HUMAN	C3	153839	153839	153839	153839	153839	153839	TVMVNIENPEGIPVK	TVMVNIENPEGIPVK	TVMVNIENPEGIPVK3	3	0.00220264	0.0136986	1	29129.2	29129.2	0	2.97598	2981.5	3.15759	2761.99	0	-0.131207	5.07096	0.954788	0	-1e+07	9787;12849;7251;6021;3692;3292;	9787;12515.8;6826.48;4698.17;3585.93;2401.07;	0.988345;0.989389;0.980088;0.926126;0.977194;0.941046;
./tmp//tQC_NA_NA_2.mzML.dia	P36955	P36955	PEDF_HUMAN	SERPINF1	11727.3	11727.3	11727.3	11727.3	11727.3	11727.3	TVQAVLTVPK	TVQAVLTVPK	TVQAVLTVPK2	2	0.00220264	0.0136986	1	8903.82	8903.82	0	2.40825	1897.8	2.49846	1803.41	0	0.504709	5.36354	0.956197	2.47924	0.123682	5011;3227;2608;1812;1890;1907;	5011;2598.01;2168.77;897.232;1724.04;1653.17;	0.935428;0.922846;0.941036;0.86646;0.955868;0.934826;
./tmp//tQC_NA_NA_2.mzML.dia	Q96PD5	Q96PD5	PGRP2_HUMAN	PGLYRP2	19050.9	19050.9	19050.9	19050.9	19050.9	19050.9	TWPHFTATVKPR	TWPHFTATVKPR	TWPHFTATVKPR2	2	0.0085592	0.0136986	1	2158.12	2158.12	0	2.27867	1495	2.18606	1592.66	0	-0.0774024	2.66316	0.917365	0	-1e+07	1439;2820;828;531;232;960;	1139.61;455.755;828;190.514;60.0048;88.6875;	0.816907;0.0696976;0.960398;0.637674;0.424294;0.0290147;
./tmp//tQC_NA_NA_2.mzML.dia	Q96PD5	Q96PD5	PGRP2_HUMAN	PGLYRP2	19050.9	19050.9	19050.9	19050.9	19050.9	19050.9	TWPHFTATVKPR	TWPHFTATVKPR	TWPHFTATVKPR3	3	0.288182	0.0136986	1	7680.02	7680.02	0	2.28363	1491	2.18197	1600.04	0	0.198361	1.77082	0.269628	3.0283	0.103804	19021;766;816;3024;2559;3318;	5020.11;766;110.67;842.529;640.873;299.84;	0.0906902;0.935216;0.265386;0.492537;0.429249;-0.0621805;
./tmp//tQC_NA_NA_2.mzML.dia	Q96PD5	Q96PD5	PGRP2_HUMAN	PGLYRP2	19050.9	19050.9	19050.9	19050.9	19050.9	19050.9	TWPHFTATVKPRPA	TWPHFTATVKPRPA	TWPHFTATVKPRPA2	2	0.00364299	0.0136986	1	2019.49	2019.49	0	2.33015	1567.6	2.25943	1672.08	0	0.557996	3.71604	0.951458	2.05289	0.132833	2154;1619;2211;1819;518;973;	786.846;714.642;687.34;657.203;518;405.73;	0.601996;0.673813;0.591456;0.232773;0.894344;0.468219;
./tmp//tQC_NA_NA_2.mzML.dia	Q96PD5	Q96PD5	PGRP2_HUMAN	PGLYRP2	19050.9	19050.9	19050.9	19050.9	19050.9	19050.9	TWPHFTATVKPRPA	TWPHFTATVKPRPA	TWPHFTATVKPRPA3	3	0.00937082	0.0136986	1	4227.34	4227.34	0	2.3347	1569.2	2.261	1679.39	0	0.290577	3.05051	0.887331	2.62811	0.104416	5217;1234;4763;1150;61637;14852;	2304.15;1234;1379.87;689.188;1133.08;960.065;	0.661764;0.957612;0.467553;0.742331;0.132518;-0.427542;
./tmp//tQC_NA_NA_2.mzML.dia	P19823	P19823	ITIH2_HUMAN	ITIH2	72324.5	72324.5	72324.5	72324.5	72324.5	72324.5	TWRNDLISATK	TWRNDLISATK	TWRNDLISATK2	2	0.064	0.0136986	1	7792.27	7792.27	0	2.11618	1441.4	2.13231	1420.65	0	0.32287	3.30354	0.568402	2.54013	0.35557	1491;3103;1196;4060;3017;1812;	720.588;2874.19;423.918;756.572;3017;576.105;	0.586899;0.873529;0.138463;0.194514;0.949456;0.290315;
./tmp//tQC_NA_NA_2.mzML.dia					3.49289e+06	3.49289e+06					TWTELPWPHEK	TWTELPWPHEK	TWTELPWPHEK2	2	0.0322981	1	0	71380.1	71380.1	0	2.85785	2927.9	3.11768	2519.38	0	0.231928	4.09398	0.705315	3.9176	0.341295	38364;3592;6661;3134;24039;7504;	38364;1205.45;6661;1110.64;24039;7504;	0.968196;0.570465;0.981834;0.67217;0.983117;0.980795;
./tmp//tQC_NA_NA_2.mzML.dia	P02768	P02768	ALBU_HUMAN	ALB	6.02018e+06	6.02018e+06	6.52224e+06	6.52224e+06	6.52224e+06	6.52224e+06	TYETTLEK	TYETTLEK	TYETTLEK2	2	0.00364299	0.0136986	1	1.59358e+06	1.59358e+06	0	1.44547	963.2	1.49237	948.284	0	0.980872	5.8965	0.952815	0	-1e+07	1.8553e+06;887158;1.28995e+06;427756;470064;250607;	1.69616e+06;881951;1.28995e+06;427405;470064;241563;	0.964575;0.985217;0.983644;0.981166;0.984831;0.985487;
./tmp//tQC_NA_NA_2.mzML.dia	P69905	P69905	HBA_HUMAN	HBA1	26062.1	26062.1	26062.1	26062.1	26062.1	26062.1	TYFPHFDLSHG	TYFPHFDLSHG	TYFPHFDLSHG2	2	0.250707	0.0136986	1	8082.9	8082.9	0	2.89312	2665.9	2.93432	2586.2	0	0.0185719	2.52937	0.295708	2.42557	0.172667	2948;5088;2751;385;3087;2405;	2274.46;1648.34;1429.86;0;3087;1073.1;	0.534953;0.242418;0.325534;0.107095;0.913141;0.414938;
./tmp//tQC_NA_NA_2.mzML.dia	P69905	P69905	HBA_HUMAN	HBA1	26062.1	26062.1	26062.1	26062.1	26062.1	26062.1	TYFPHFDLSHGSA	TYFPHFDLSHGSA	TYFPHFDLSHGSA3	3	0.0781759	0.0136986	1	32458.2	32458.2	0	2.93768	2611.9	2.91785	2686.62	0	0.253506	3.23236	0.484542	2.30261	0.3305	3192;14207;4396;1431;13964;8590;	802.883;14207;609.402;405.919;13881.1;3161.33;	0.267788;0.988486;0.17573;0.373179;0.892677;0.425508;
./tmp//tQC_NA_NA_2.mzML.dia	P69905	P69905	HBA_HUMAN	HBA1	26062.1	26062.1	26062.1	26062.1	26062.1	26062.1	TYFPHFDLSHGSAQ	TYFPHFDLSHGSAQ	TYFPHFDLSHGSAQ2	2	0.250707	0.0136986	1	5973.26	5973.26	0	2.7988	2525.8	2.88822	2408.41	0	0.102072	1.32991	0.292909	2.31964	0.464361	3325;1093;2139;416;1792;1794;	3325;323.032;353.677;134.911;981.588;1208.72;	0.826795;0.278296;-0.0407083;0.236933;0.410365;0.224027;
./tmp//tQC_NA_NA_2.mzML.dia	P69905	P69905	HBA_HUMAN	HBA1	26062.1	26062.1	26062.1	26062.1	26062.1	26062.1	TYFPHFDLSHGSAQ	TYFPHFDLSHGSAQ	TYFPHFDLSHGSAQ3	3	0.179031	0.0136986	1	15503.5	15503.5	0	2.86498	2525.7	2.88818	2532.44	0	0.306387	2.816	0.353331	3.36017	0.136248	2199;11804;1923;1128;1615;4349;	681.469;8602.8;953.598;268.79;1601.4;4349;	0.192164;0.423495;0.0568198;-0.00596336;0.804411;0.971405;
./tmp//tQC_NA_NA_2.mzML.dia	P69905	P69905	HBA_HUMAN	HBA1	26062.1	26062.1	26062.1	26062.1	26062.1	26062.1	TYFPHFDLSHGSAQVK	TYFPHFDLSHGSAQVK	TYFPHFDLSHGSAQVK3	3	0.00364299	0.0136986	1	7000.9	7000.9	0	2.75617	2389.9	2.79498	2310.4	0	0.839154	3.8763	0.953819	0	-1e+07	2516;3895;1395;9563;2781;2589;	2516;2700.57;1071.02;702.223;1784.33;1200.31;	0.968952;0.876347;0.875053;-0.166543;0.881467;0.752603;
./tmp//tQC_NA_NA_2.mzML.dia	P69905	P69905	HBA_HUMAN	HBA1	26062.1	26062.1	26062.1	26062.1	26062.1	26062.1	TYFPHFDLSHGSAQVK	TYFPHFDLSHGSAQVK	TYFPHFDLSHGSAQVK4	4	0.00762195	0.0136986	1	11217.6	11217.6	0	2.75183	2413.2	2.815	2298.96	0	0.328892	4.07333	0.931242	2.24744	0.212868	3895;8379;2344;1752;4444;776;	3895;6603.26;2273.27;1590.56;1802.5;719.316;	0.966268;0.819413;0.701432;0.732072;0.74778;0.777769;
./tmp//tQC_NA_NA_2.mzML.dia	P69905	P69905	HBA_HUMAN	HBA1	26062.1	26062.1	26062.1	26062.1	26062.1	26062.1	TYFPHFDLSHGSAQVKGHGK	TYFPHFDLSHGSAQVKGHGK	TYFPHFDLSHGSAQVKGHGK3	3	0.0344828	0.0136986	1	3008.69	3008.69	0	2.51342	1918.3	2.51905	1918.76	0	0.161804	1.80837	0.700027	1.78022	0.109436	1716;306;812;1240;4091;1176;	1716;0;92.917;348.997;124.526;726.246;	0.900489;0.0421127;-0.0157707;0.303112;-0.201436;0.790917;
./tmp//tQC_NA_NA_2.mzML.dia	P69905	P69905	HBA_HUMAN	HBA1	26062.1	26062.1	26062.1	26062.1	26062.1	26062.1	VADALTNAVAH	VADALTNAVAH	VADALTNAVAH2	2	0.139487	0.0136986	1	7549.46	7549.46	0	2.32237	1402.6	2.09584	1659.67	0	-0.352594	3.7346	0.395686	0	-1e+07	6339;5054;2028;8027;1350;4392;	643.339;913.627;955.992;2780.71;1350;905.785;	0.641301;0.312924;0.307661;0.78791;0.932985;0.588415;
./tmp//tQC_NA_NA_2.mzML.dia	P69905	P69905	HBA_HUMAN	HBA1	26062.1	26062.1	26062.1	26062.1	26062.1	26062.1	VADALTNAVAHVDDMPNALSALSD	VADALTNAVAHVDDMPNALSALSD	VADALTNAVAHVDDMPNALSALSD3	3	0.297297	0.0136986	1	11944.5	11944.5	0	4.0197	4271.4	4.14938	4218.07	0	-0.132038	2.4246	0.264976	1.59432	0.701422	8461;2595;581;1681;2952;	8461;1479.08;0;540.1;1464.31;	0.961311;0.478061;0.0586386;0.292372;0.405797;
./tmp//tQC_NA_NA_2.mzML.dia					3.49289e+06	3.49289e+06					VAEGETKPDPDVTER	VAEGETKPDPDVTER	VAEGETKPDPDVTER2	2	0.00937082	1	0	1947.46	1947.46	0	1.30657	879.8	1.31986	885.328	0	0.148726	2.67452	0.858189	3.3019	0.132288	1397;996;350;549;1781;2990;	1397;485.616;216.954;333.504;1136.56;341.581;	0.932496;0.451398;0.564761;0.559904;0.506152;-0.0195882;
./tmp//tQC_NA_NA_2.mzML.dia					3.49289e+06	3.49289e+06					VAEGETKPDPDVTER	VAEGETKPDPDVTER	VAEGETKPDPDVTER3	3	0.00762195	1	0	3437.68	3437.68	0	1.29877	880.5	1.32127	881.678	0	0.175019	2.63967	0.931439	1.99405	0.0858308	143581;1918;832;1567;6499;1077;	2159.26;1918;785.422;734.26;1091.26;694.826;	-0.0598621;0.962694;0.83292;0.778808;-0.0220738;0.745396;
./tmp//tQC_NA_NA_2.mzML.dia	P01008	P01008	ANT3_HUMAN	SERPINC1	262560	262560	262560	262560	262560	262560	VAEGTQVLELPFK	VAEGTQVLELPFK	VAEGTQVLELPFK2	2	0.00220264	0.0136986	1	7144.06	7144.06	0	3.43748	3558.8	3.46122	3485.57	0	0.380055	4.74527	0.956876	2.0841	0.0972237	3584;2233;1598;1920;2040;2796;	3437.86;2233;1473.2;1629.57;1828.81;1485.53;	0.976964;0.977847;0.936518;0.905804;0.853642;0.672181;
./tmp//tQC_NA_NA_2.mzML.dia					3.49289e+06	3.49289e+06					VAGGGGGFGAAGGFGGR	VAGGGGGFGAAGGFGGR	VAGGGGGFGAAGGFGGR2	2	0.168663	1	0	3501.78	3501.78	0	2.26503	1469.2	2.15987	1572.72	0	0.154029	2.42505	0.364844	1.64186	0.20102	1025;1283;1943;1679;1143;1317;	420.965;1283;207.202;1058.65;531.956;0;	0.372569;0.935697;0.074633;0.654107;0.163393;0.352414;
./tmp//tQC_NA_NA_2.mzML.dia	Q13228	Q13228	SBP1_HUMAN	SELENBP1	6687.66	6687.66	6687.66	6687.66	6687.66	6687.66	VAGGPQMIQLSLDGKR	VAGGPQMIQLSLDGKR	VAGGPQMIQLSLDGKR2	2	0.151423	0.125	1	5195.85	5195.85	0	2.62657	2433	2.83221	2088.26	0	0.412106	2.64828	0.385057	2.27401	0.191979	1646;2824;975;3438;1231;2944;	1646;1979.71;0;891.11;679.034;0;	0.875855;0.501755;0.147189;0.260213;0.147463;0.308649;
./tmp//tQC_NA_NA_2.mzML.dia	Q13228	Q13228	SBP1_HUMAN	SELENBP1	6687.66	6687.66	6687.66	6687.66	6687.66	6687.66	VAGGPQMIQLSLDGKR	VAGGPQMIQLSLDGKR	VAGGPQMIQLSLDGKR3	3	0.0216285	0.125	1	6687.66	6687.66	0	2.89008	2429.3	2.82913	2580.16	0	0.110726	2.05752	0.75557	1.89798	0.158422	1217;3713;855;2524;832;2222;	330.543;3107.54;265.111;762.468;0;2222;	-0.107872;0.839694;0.309854;0.417326;-0.104765;0.972408;
./tmp//tQC_NA_NA_2.mzML.dia	P35858	P35858	ALS_HUMAN	IGFALS	11092.5	11092.5	11092.5	11092.5	11092.5	11092.5	VAGLLEDTFPGLLGLR	VAGLLEDTFPGLLGLR	VAGLLEDTFPGLLGLR2	2	0.00364299	0.0136986	1	2747.79	2747.79	0	4.5751	4406.4	4.57272	4392.03	0	0.44076	3.08323	0.951309	2.62227	0.276769	4843;1439;2517;2759;1667;1266;	1286.59;1439;854.664;979.875;739.094;569.7;	0.395299;0.951246;0.504784;0.454795;0.56254;0.687556;
./tmp//tQC_NA_NA_2.mzML.dia					3.49289e+06	3.49289e+06					VAGVANALAHK	VAGVANALAHK	VAGVANALAHK2	2	0.248347	1	0	3336.6	3336.6	0	1.7053	1192.7	1.8952	1073.92	0	-0.0872355	2.24129	0.296537	1.28249	0.366303	2150;742;1305;260;1785;746;	616.363;742;720.402;0;654.297;603.539;	0.224338;0.900558;0.354514;0.377902;0.456227;0.682998;
./tmp//tQC_NA_NA_2.mzML.dia					3.49289e+06	3.49289e+06					VAGVANALAHKYH	VAGVANALAHKYH	VAGVANALAHKYH3	3	0.267161	1	0	10126.9	10126.9	0	1.95022	1247.1	1.95484	1250.45	0	-0.00312409	3.06219	0.282686	1.79337	0.20181	2308;499;416;2576;3617;4460;	844.293;0;33.9867;1428.29;3617;4203.28;	-0.0256226;-0.188614;0.093746;0.69346;0.962774;0.829726;
./tmp//tQC_NA_NA_2.mzML.dia	Q9Y6R7	Q9Y6R7	FCGBP_HUMAN	FCGBP	9794.8	9794.8	9794.8	9794.8	9794.8	9794.8	VAYDLVYYVR	VAYDLVYYVR	VAYDLVYYVR2	2	0.459072	0.794521	1	9794.8	9794.8	0	3.34855	3094.4	3.21508	3314.66	0	0.00365623	2.2483	0.192194	2.29066	0.112424	1463;4244;5638;4015;2834;1308;	249.436;4244;1748.81;1158.72;1917.63;476.194;	0.172338;0.966789;-0.154696;0.0584781;0.530256;0.0719002;
./tmp//tQC_NA_NA_2.mzML.dia					3.49289e+06	3.49289e+06					VDDMPNALSALSDLHAHK	VDDMPNALSALSDLHAHK	VDDMPNALSALSDLHAHK4	4	0.46588	1	0	8584.69	8584.69	0	3.13457	2965.6	3.14669	2937.54	0	-0.138655	3.46616	0.191189	3.74548	0.373709	1964;1558;1741;1715;1540;3351;	1765.98;1353.26;207.112;912.627;994.723;3351;	0.820925;0.803997;-0.120977;0.444618;0.617433;0.956362;
./tmp//tQC_NA_NA_2.mzML.dia	P0C0L4;P0C0L5	P0C0L4;P0C0L5	CO4A_HUMAN;CO4B_HUMAN	C4A;C4B	101288	101288	101288	101288			VDFTLSSER	VDFTLSSER	VDFTLSSER2	2	0.00220264	0.0136986	0	32812.4	32812.4	0	2.3096	1661.9	2.34235	1639.62	0	0.332573	5.15565	0.955528	0	-1e+07	37179;13948;13363;13417;8079;3963;	13836;12988.4;12370.1;12363.4;8079;2785.57;	0.627475;0.887795;0.889168;0.901213;0.893637;0.879128;
./tmp//tQC_NA_NA_2.mzML.dia	P35908	P35908	K22E_HUMAN	KRT2	11989.9	11989.9	11989.9	11989.9	11989.9	11989.9	VDLLNQEIEFLK	VDLLNQEIEFLK	VDLLNQEIEFLK2	2	0.602429	0.231481	1	5890.92	5890.92	0	3.72157	4168.2	3.8901	3991.68	0	-0.036719	2.58036	0.147862	2.68859	0.44393	2610;2124;1966;2104;1875;1958;	510.161;712.586;346.516;1926.69;1875;519.967;	0.0700242;0.295847;0.035845;0.821408;0.914647;0.192787;
./tmp//tQC_NA_NA_2.mzML.dia	P02751	P02751	FINC_HUMAN	FN1	21839.1	21839.1	21839.1	21839.1	21839.1	21839.1	VDVIPVNLPGEHGQR	VDVIPVNLPGEHGQR	VDVIPVNLPGEHGQR3	3	0.00625	0.0136986	1	17306.4	17306.4	0	2.77867	2514.4	2.88314	2365.12	0	0.325054	3.55766	0.936724	1.98857	0.657029	6161;10951;23702;2328;3348;949;	6053.7;8924.73;6539.06;2328;1037.63;838.288;	0.946898;0.907039;0.18131;0.976589;0.202076;0.88699;
./tmp//tQC_NA_NA_2.mzML.dia	P01024	P01024	CO3_HUMAN	C3	153839	153839	153839	153839	153839	153839	VEGTAFVIFGIQDGEQR	VEGTAFVIFGIQDGEQR	VEGTAFVIFGIQDGEQR3	3	0.00625	0.0136986	1	10941	10941	0	3.74318	4038.8	3.75283	4018.67	0	0.671113	3.44394	0.947771	0	-1e+07	3624;6291;3369;4346;4812;17613;	2820.9;6291;1829.11;2052.03;2393.55;1105.11;	0.857569;0.982995;0.701935;0.60794;0.373387;-0.24671;
./tmp//tQC_NA_NA_2.mzML.dia	P01871	P01871	IGHM_HUMAN	IGHM	70959.5	70959.5	70959.5	70959.5	70959.5	70959.5	VFAIPPSFASIFLTK	VFAIPPSFASIFLTK	VFAIPPSFASIFLTK2	2	0.00220264	0.0136986	1	47206	47206	0	4.74732	4477.1	4.79067	4444.89	0	0.913062	5.75411	0.954537	2.00701	0.134039	51729;173603;34774;8280;4850;5146;	51729;170523;34774;7843.83;4588.16;4135.74;	0.957381;0.958087;0.967348;0.9665;0.959633;0.926193;
./tmp//tQC_NA_NA_2.mzML.dia	P02768	P02768	ALBU_HUMAN	ALB	6.02018e+06	6.02018e+06	6.52224e+06	6.52224e+06	6.52224e+06	6.52224e+06	VFDEFKPL	VFDEFKPL	VFDEFKPL2	2	0.939635	0.0136986	1	11623.1	11623.1	0	2.95002	2958.1	3.14124	2714.93	0	-0.0982597	2.21991	0.0993352	3.47599	0.250276	2178;1160;3585;7992;2248;1938;	602.73;605.801;669.216;7992;1523.52;229.846;	0.298094;0.778239;0.0241455;0.9615;0.834952;-0.0747066;
./tmp//tQC_NA_NA_2.mzML.dia	P02768	P02768	ALBU_HUMAN	ALB	6.02018e+06	6.02018e+06	6.52224e+06	6.52224e+06	6.52224e+06	6.52224e+06	VFDEFKPLVEEPQNLIK	VFDEFKPLVEEPQNLIK	VFDEFKPLVEEPQNLIK3	3	0.0085592	0.0136986	1	2.02611e+06	2.02611e+06	0	3.63393	4037.5	3.75176	3863.94	0	0.963687	5.95837	0.920326	5.65078	0.470878	1.17322e+06;1.27383e+06;410873;540099;245198;313507;	1.17284e+06;1.27376e+06;408728;540099;244054;313166;	0.994241;0.990958;0.991054;0.994649;0.984693;0.992824;
./tmp//tQC_NA_NA_2.mzML.dia	P04080	P04080	CYTB_HUMAN	CSTB	4208.06	4208.06	4208.06	4208.06	4208.06	4208.06	VFQSLPHENKPLTLSNYQTNK	VFQSLPHENKPLTLSNYQTNK	VFQSLPHENKPLTLSNYQTNK4	4	0.160966	0.440945	1	4208.06	4208.06	0	2.41085	1811.7	2.43314	1807.97	0	-0.160351	2.66201	0.37579	2.52707	0.276699	7922;1269;1495;103;1562;2404;	1121.33;719.065;360.048;0;1562;445.623;	0.0993604;0.502459;0.135413;0.0909635;0.939973;0.110015;
./tmp//tQC_NA_NA_2.mzML.dia	Q96KN2	Q96KN2	CNDP1_HUMAN	CNDP1	3919.78	3919.78	3919.78	3919.78	3919.78	3919.78	VFQYIDLHQDEFVQTLK	VFQYIDLHQDEFVQTLK	VFQYIDLHQDEFVQTLK3	3	0.0322981	0.0531915	1	7329.32	7329.32	0	3.5238	3680.1	3.51273	3666.57	0	-0.0659512	2.34628	0.704134	1.79453	0.104821	3367;1469;2991;3296;1968;865;	1482.87;1469;1996.97;1406.74;783.598;190.139;	0.386481;0.919726;0.684911;0.419327;0.53911;0.405746;
./tmp//tQC_NA_NA_2.mzML.dia	P01009	P01009	A1AT_HUMAN	SERPINA1	589664	589664	589664	589664	589664	589664	VFSNGADLSGVTEEAPLK	VFSNGADLSGVTEEAPLK	VFSNGADLSGVTEEAPLK3	3	0.00220264	0.0136986	1	96289.3	96289.3	0	2.99048	3008	3.17348	2782.25	0	-0.126413	5.69543	0.956259	0	-1e+07	64887;55683;17871;23524;14867;19876;	64887;55356.6;17215.1;21857.1;14187.2;19203.4;	0.950254;0.932511;0.958519;0.933765;0.951249;0.938545;
./tmp//tQC_NA_NA_2.mzML.dia	P01009	P01009	A1AT_HUMAN	SERPINA1	589664	589664	589664	589664	589664	589664	VFSNGADLSGVTEEAPLKLSK	VFSNGADLSGVTEEAPLKLSK	VFSNGADLSGVTEEAPLKLSK3	3	0.00220264	0.0136986	1	13445.9	13445.9	0	3.11727	3107.9	3.2209	2909.46	0	0.259439	5.56117	0.955699	1.87752	0.2028	4704;5745;3194;3201;3399;3227;	4663.95;5745;3036.98;2858.38;3009.39;2614.45;	0.933285;0.920975;0.953996;0.87794;0.901857;0.899468;
./tmp//tQC_NA_NA_2.mzML.dia	P12109	P12109	CO6A1_HUMAN	COL6A1	9900.5	9900.5	9900.5	9900.5	9900.5	9900.5	VFSVAITPDHLEPR	VFSVAITPDHLEPR	VFSVAITPDHLEPR2	2	0.254682	0.603053	1	9900.5	9900.5	0	2.88468	2715.5	2.95316	2569.57	0	-0.122061	1.76868	0.289459	0	-1e+07	1894;2752;3429;1071;2035;8338;	901.173;1131.66;3429;0;636.471;3802.19;	-0.0471678;0.273183;0.926695;0.127667;0.408855;0.32686;
./tmp//tQC_NA_NA_2.mzML.dia	P12109	P12109	CO6A1_HUMAN	COL6A1	9900.5	9900.5	9900.5	9900.5	9900.5	9900.5	VFSVAITPDHLEPR	VFSVAITPDHLEPR	VFSVAITPDHLEPR3	3	0.644122	0.603053	1	11818.9	11818.9	0	3.08653	2714.1	2.9525	2872.26	0	-0.248435	2.7798	0.139511	1.97186	0.123456	2682;1915;7815;5488;1305;540;	2098.12;750.868;7089.84;471.009;1305;104.099;	0.661834;0.746648;0.658689;-0.139415;0.948418;0.138446;
./tmp//tQC_NA_NA_2.mzML.dia					3.49289e+06	3.49289e+06					VFVDNHDNQR	VFVDNHDNQR	VFVDNHDNQR2	2	0.152284	1	0	19906.9	19906.9	0	2.02898	1306	2.01059	1339.4	0	0.0481265	3.409	0.384777	4.24155	0.38943	1550;13185;3504;895;2268;1743;	657.946;13115.1;3504;551.583;1311.54;766.786;	0.628271;0.875717;0.955087;0.750409;0.799199;0.335679;
./tmp//tQC_NA_NA_2.mzML.dia					3.49289e+06	3.49289e+06					VFVTNPDGSPAYR	VFVTNPDGSPAYR	VFVTNPDGSPAYR2	2	0.00364299	1	0	3893.03	3893.03	0	2.16723	1513.3	2.20476	1458.31	0	0.449287	3.72586	0.952021	0	-1e+07	4213;1610;2277;1394;1462;300;	2108.11;1076.62;2277;769.324;846.703;107.789;	0.279295;0.6542;0.94892;0.712584;0.724119;0.527608;
./tmp//tQC_NA_NA_2.mzML.dia	P69905	P69905	HBA_HUMAN	HBA1	26062.1	26062.1	26062.1	26062.1	26062.1	26062.1	VGAHAGEYGAEALER	VGAHAGEYGAEALER	VGAHAGEYGAEALER2	2	0.00220264	0.0136986	1	2589.28	2589.28	0	1.79857	1219.2	1.92551	1128.75	0	0.384703	4.79693	0.95675	0	-1e+07	1176;1289;576;1125;925;998;	1176;939.858;473.421;416.203;698.531;616.249;	0.938234;0.841917;0.900871;0.71975;0.832038;0.817713;
./tmp//tQC_NA_NA_2.mzML.dia	P69905	P69905	HBA_HUMAN	HBA1	26062.1	26062.1	26062.1	26062.1	26062.1	26062.1	VGAHAGEYGAEALER	VGAHAGEYGAEALER	VGAHAGEYGAEALER3	3	0.00220264	0.0136986	1	20946.4	20946.4	0	1.80353	1216.9	1.92298	1131.96	0	-0.0652843	5.47792	0.955946	1.72376	0.227354	11222;5388;5091;3968;5454;6295;	10442.6;5388;2672.11;3155.99;5115.84;3962.99;	0.941669;0.967343;0.69896;0.890051;0.934939;0.772713;
./tmp//tQC_NA_NA_2.mzML.dia	P0C0L4;P0C0L5	P0C0L4;P0C0L5	CO4A_HUMAN;CO4B_HUMAN	C4A;C4B	101288	101288	101288	101288			VGDTLNLNLR	VGDTLNLNLR	VGDTLNLNLR2	2	0.00220264	0.0136986	0	31756.6	31756.6	0	2.6681	2267.9	2.70633	2144.82	0	0.988866	5.39496	0.956581	0	-1e+07	27288;19299;15014;9246;8615;10886;	26863.5;19027.7;14520.6;9246;7989.99;10156.5;	0.9249;0.928689;0.935726;0.954005;0.958041;0.922088;
./tmp//tQC_NA_NA_2.mzML.dia	P01023	P01023	A2MG_HUMAN	A2M	171027	171027	171027	171027	171027	171027	VGFYESDVM(UniMod:35)GR	VGFYESDVMGR	VGFYESDVM(UniMod:35)GR2	2	0.0426035	0.0136986	1	14602.6	14602.6	0	2.07875	1406.6	2.09948	1391.74	0	0.193892	3.7816	0.639174	2.28247	0.250624	3486;5854;4280;4206;4067;1957;	2959.62;5854;2692.36;352.861;2781.25;315.383;	0.732671;0.963616;0.750561;0.0289083;0.712674;0.149546;
./tmp//tQC_NA_NA_2.mzML.dia	P01023	P01023	A2MG_HUMAN	A2M	171027	171027	171027	171027	171027	171027	VGFYESDVMGR	VGFYESDVMGR	VGFYESDVMGR2	2	0.00220264	0.0136986	1	73650.6	73650.6	0	2.63327	2059.2	2.61375	2097.73	0	0.974887	5.78677	0.956501	0	-1e+07	53308;42755;41410;19138;15550;22838;	53233.7;42356.1;41410;19002.5;13238.1;19160.2;	0.953071;0.960128;0.963102;0.962824;0.976263;0.961099;
./tmp//tQC_NA_NA_2.mzML.dia	P29622	P29622	KAIN_HUMAN	SERPINA4	18052.3	18052.3	18052.3	18052.3	18052.3	18052.3	VGSALFLSHNLK	VGSALFLSHNLK	VGSALFLSHNLK2	2	0.00625	0.0136986	1	5385.96	5385.96	0	2.54738	1938.2	2.54075	1955.4	0	0.151184	2.84815	0.947668	0	-1e+07	2030;1907;2637;832;3442;1055;	2030;1268.96;2087;545.893;481.993;287.782;	0.956848;0.665399;0.755863;0.535187;0.237833;0.311286;
./tmp//tQC_NA_NA_2.mzML.dia	P02042;P68871	P02042;P68871	HBB_HUMAN;HBD_HUMAN	HBB;HBD	9579.54	9579.54	9579.54	9579.54			VHLTPEEK	VHLTPEEK	VHLTPEEK2	2	0.00762195	0.0136986	0	4965.01	4965.01	0	1.12438	860.7	1.28159	798.331	0	0.131005	2.79193	0.932573	1.90547	0.147588	8269;1576;2553;2926;5002;58352;	1743.55;1142.26;2553;1269.75;1480.81;866.919;	0.0678865;0.883447;0.934696;0.53243;0.337324;-0.116834;
./tmp//tQC_NA_NA_2.mzML.dia	P68871	P68871	HBB_HUMAN	HBB	17784.1	17784.1	17784.1	17784.1	17784.1	17784.1	VHLTPEEKSAVTALWGK	VHLTPEEKSAVTALWGK	VHLTPEEKSAVTALWGK3	3	0.246692	0.0136986	1	8960.19	8960.19	0	3.04025	3234.5	3.27555	2831.85	0	0.52886	2.48321	0.297174	2.2087	0.183586	2984;3328;3635;2456;589;1850;	2984;2542.12;1747.01;1552.19;134.873;888.818;	0.9014;0.619198;0.180224;0.353949;0.187708;0.30653;
./tmp//tQC_NA_NA_2.mzML.dia	P01024	P01024	CO3_HUMAN	C3	153839	153839	153839	153839	153839	153839	VHQYFNVELIQPGAVK	VHQYFNVELIQPGAVK	VHQYFNVELIQPGAVK3	3	0.00220264	0.0136986	1	31676.4	31676.4	0	3.13847	3034.6	3.18735	2944.77	0	0.177943	5.88991	0.956704	1.58709	0.159511	38795;19065;10823;9767;11395;10038;	38693.1;18351.9;10743.1;9538.32;11395;9382.7;	0.97047;0.977334;0.989243;0.987006;0.982302;0.976602;
./tmp//tQC_NA_NA_2.mzML.dia					3.49289e+06	3.49289e+06					VHVEEPHTETVR	VHVEEPHTETVR	VHVEEPHTETVR3	3	0.125389	1	0	8379.32	8379.32	0	1.56835	994.8	1.55802	1004.51	0	0.0928687	1.78309	0.414188	0	-1e+07	2459;9946;2517;3973;3765;5452;	992.005;2411.28;125.515;3973;365.107;512.418;	0.654036;0.292897;-0.104598;0.97977;0.0369401;-0.059893;
./tmp//tQC_NA_NA_2.mzML.dia	P06396	P06396	GELS_HUMAN	GSN	21257.3	21257.3	21257.3	21257.3	21257.3	21257.3	VHVSEEGTEPEAMLQVLGPK	VHVSEEGTEPEAMLQVLGPK	VHVSEEGTEPEAMLQVLGPK3	3	0.00937082	0.0136986	1	2840.76	2840.76	0	3.27758	3233.7	3.27517	3202.02	0	0.192259	3.05154	0.881239	1.23979	0.112828	2846;2124;881;1518;1383;5405;	514.025;1277.44;881;653.785;682.312;2730.03;	0.350916;0.519943;0.836089;0.423776;0.563433;0.362859;
./tmp//tQC_NA_NA_2.mzML.dia					3.49289e+06	3.49289e+06					VIFGIQDGEQR	VIFGIQDGEQR	VIFGIQDGEQR2	2	0.268022	1	0	25769.1	25769.1	0	2.5716	1990.3	2.58296	1992.91	0	0.389435	2.40621	0.280001	1.73146	0.231086	2714;3601;5290;33213;28396;4324;	2714;2818.58;3268.85;10156.8;5682.23;1128.64;	0.922598;0.62123;0.242845;0.081399;0.0204155;-0.144621;
./tmp//tQC_NA_NA_2.mzML.dia	P00747	P00747	PLMN_HUMAN	PLG	47486.4	47486.4	47486.4	47486.4	47486.4	47486.4	VILGAHQEVNLEPHVQEIEVSR	VILGAHQEVNLEPHVQEIEVSR	VILGAHQEVNLEPHVQEIEVSR3	3	0.00220264	0.0136986	1	12457.4	12457.4	0	2.76223	2514.2	2.88305	2325.92	0	0.869225	3.34159	0.954102	2.16278	0.166403	5529;3899;4693;4052;2602;8045;	5199.72;3831.89;4573.56;4052;2509.12;1959.23;	0.879387;0.947604;0.94383;0.961126;0.922915;-0.0075751;
./tmp//tQC_NA_NA_2.mzML.dia	P00747	P00747	PLMN_HUMAN	PLG	47486.4	47486.4	47486.4	47486.4	47486.4	47486.4	VILGAHQEVNLEPHVQEIEVSR	VILGAHQEVNLEPHVQEIEVSR	VILGAHQEVNLEPHVQEIEVSR4	4	0.00220264	0.0136986	1	47486.4	47486.4	0	2.7566	2516.1	2.88392	2311.53	0	0.970249	5.42669	0.955735	2.86678	0.217494	23699;11057;14652;14394;6027;2896;	22937.6;11057;14406.8;13491.7;2246.3;1885.08;	0.942148;0.96663;0.937393;0.945464;0.549347;0.941581;
./tmp//tQC_NA_NA_2.mzML.dia					3.49289e+06	3.49289e+06					VILHSGSDMVQAER	VILHSGSDMVQAER	VILHSGSDMVQAER3	3	0.160966	1	0	11523.2	11523.2	0	1.87753	1152.2	1.84274	1185.36	0	0	2.12406	0.374751	3.23997	0.220811	6971;6396;1924;2657;3135;6220;	1334.8;1200.35;260.295;2657;1563.09;4507.63;	0.067424;0.0809192;0.125309;0.971828;0.630584;0.691445;
./tmp//tQC_NA_NA_2.mzML.dia	P00751	P00751	CFAB_HUMAN	CFB	29006.3	29006.3	29006.3	29006.3	29006.3	29006.3	VKDISEVVTPR	VKDISEVVTPR	VKDISEVVTPR2	2	0.00220264	0.0136986	1	7479.26	7479.26	0	1.89333	1210.2	1.91551	1198.31	0	0.532162	3.646	0.954129	2.38717	0.0927956	3872;3090;11236;2515;6789;1304;	3872;2797.32;1239.57;1235.21;1354.25;809.942;	0.970127;0.962612;0.00238889;0.493681;0.103705;0.805477;
./tmp//tQC_NA_NA_2.mzML.dia	P02647	P02647	APOA1_HUMAN	APOA1	1.27836e+06	1.27836e+06	1.27836e+06	1.27836e+06	1.27836e+06	1.27836e+06	VKDLATVYVDVLK	VKDLATVYVDVLK	VKDLATVYVDVLK2	2	0.00364299	0.0136986	1	39076.2	39076.2	0	3.1547	3029.9	3.18498	2978.89	0	0.947888	5.50967	0.95354	2.43889	0.170297	19627;16095;15849;7492;117474;22178;	19589.1;16095;15814.2;7167.05;65562.9;22040.8;	0.959689;0.963835;0.965455;0.964849;0.756295;0.963651;
./tmp//tQC_NA_NA_2.mzML.dia	P07358	P07358	CO8B_HUMAN	C8B	11169.4	11169.4	11169.4	11169.4	11169.4	11169.4	VKVEPLYELVTATDFAYSSTVR	VKVEPLYELVTATDFAYSSTVR	VKVEPLYELVTATDFAYSSTVR3	3	0.00937082	0.0136986	1	11169.4	11169.4	0	4.41477	4315.9	4.28846	4352.81	0	0.53891	3.74681	0.899299	3.00477	0.651465	5482;5924;3875;4723;4295;3289;	4091.03;4367.07;2902.43;3971.96;4295;2129.58;	0.6536;0.555687;0.685815;0.795059;0.924967;0.384807;
./tmp//tQC_NA_NA_2.mzML.dia	P00915	P00915	CAH1_HUMAN	CA1	13772	13772	13772	13772	13772	13772	VLDALQAIK	VLDALQAIK	VLDALQAIK2	2	0.271889	0.357724	1	3364.17	3364.17	0	2.7646	2425.3	2.82571	2331.82	0	0.252293	2.0302	0.278411	2.2679	0.091667	1541;653;12947;593;958;20862;	949.062;262.735;532.664;593;302.066;724.644;	0.453479;0.312126;0.296445;0.790388;0.259046;0.304017;
./tmp//tQC_NA_NA_2.mzML.dia	P02766	P02766	TTHY_HUMAN	TTR	19222.3	19222.3	19222.3	19222.3	19222.3	19222.3	VLDAVRGSPAINVAVHVFR	VLDAVRGSPAINVAVHVFR	VLDAVRGSPAINVAVHVFR3	3	0.199609	0.0136986	1	5601.41	5601.41	0	3.38685	3275.1	3.2958	3381.78	0	0.455411	2.04057	0.334281	2.49994	0.341158	1481;1419;2687;3090;4064;1003;	515.469;581.869;2687;977.549;491.097;348.422;	0.304218;0.22364;0.956004;0.138221;-0.337032;0.483698;
./tmp//tQC_NA_NA_2.mzML.dia	P02766	P02766	TTHY_HUMAN	TTR	19222.3	19222.3	19222.3	19222.3	19222.3	19222.3	VLDAVRGSPAINVAVHVFRK	VLDAVRGSPAINVAVHVFRK	VLDAVRGSPAINVAVHVFRK3	3	0.276147	0.0136986	1	4069.75	4069.75	0	3.21593	2812.8	3.01881	3100.33	0	0.311245	1.79751	0.275753	1.64134	0.100816	1921;599;2019;659;2153;649;	813.85;81.7898;2019;105.702;926.311;123.099;	0.321064;0.161611;0.965273;0.0197138;0.414515;0.198066;
./tmp//tQC_NA_NA_2.mzML.dia	P02533;P08727;P08779;P19012;Q04695	P02533;P08727;P08779;P19012;Q04695	K1C14_HUMAN;K1C15_HUMAN;K1C16_HUMAN;K1C17_HUMAN;K1C19_HUMAN	KRT14;KRT15;KRT16;KRT17;KRT19	78907.2	78907.2	78907.2	78907.2			VLDELTLAR	VLDELTLAR	VLDELTLAR2	2	0.942857	0.760563	0	78907.2	78907.2	0	2.7408	2307.4	2.73222	2271.48	0	0.0671322	2.26165	0.0986156	2.14643	0.112886	1996;1436;73240;2366;8851;7169;	352.043;79.4928;73240;676.35;1920.98;2638.3;	0.156265;-0.0269204;0.957938;0.394748;0.30073;0.510698;
./tmp//tQC_NA_NA_2.mzML.dia	O77727;P13645	O77727;P13645	K1C10_HUMAN;K1C15_SHEEP	KRT10;KRT15	15090.4	15090.4	15090.4	15090.4			VLDELTLTK	VLDELTLTK	VLDELTLTK2	2	0.711093	0.241379	0	15090.4	15090.4	0	2.7408	2175.1	2.65498	2271.48	0	0.0907578	2.70301	0.128596	2.74437	0.457348	2126;914;5901;2031;661;15248;	1086.08;26.0451;5872;2031;103.578;5971.73;	0.418708;-0.0981508;0.869834;0.943772;0.142339;0.325189;
./tmp//tQC_NA_NA_2.mzML.dia	P29401	P29401	TKT_HUMAN	TKT	14920.6	14920.6	14920.6	14920.6	14920.6	14920.6	VLDPFTIKPLDR	VLDPFTIKPLDR	VLDPFTIKPLDR3	3	0.50659	0.51938	1	12787.1	12787.1	0	3.13457	3233.3	3.27498	2937.54	0	0	3.59747	0.175168	3.63929	0.125201	2106;7816;1351;2434;5106;880;	2022.28;7816;1188.67;1760.15;1760.03;0;	0.933627;0.980929;0.910435;0.88008;0.141551;-0.214248;
./tmp//tQC_NA_NA_2.mzML.dia	P10643	P10643	CO7_HUMAN	C7	18186.2	18186.2	18186.2	18186.2	18186.2	18186.2	VLFYVDSEK	VLFYVDSEK	VLFYVDSEK2	2	0.00762195	0.0136986	1	11737.5	11737.5	0	2.66767	2136.9	2.63835	2144.23	0	0.131049	3.1034	0.932899	2.22517	0.118611	8842;9211;7999;15048;2393;4067;	7073.68;4296.4;4189.17;2105.63;2393;2270.8;	0.730223;0.158309;0.397048;0.253134;0.931359;0.59957;
./tmp//tQC_NA_NA_2.mzML.dia	P02042;P68871	P02042;P68871	HBB_HUMAN;HBD_HUMAN	HBB;HBD	9579.54	9579.54	9579.54	9579.54			VLGAFSDGLAHLD	VLGAFSDGLAHLD	VLGAFSDGLAHLD2	2	0.468567	0.0136986	0	16972	16972	0	3.37408	3395.4	3.37461	3358.55	0	-0.106124	2.71406	0.187977	3.03487	0.22004	45884;8298;2923;3909;3565;2713;	2395.08;8280.38;1882.11;3899.37;3565;849.481;	-0.295647;0.822743;0.461771;0.843831;0.975197;-0.104168;
./tmp//tQC_NA_NA_2.mzML.dia	P02042;P68871	P02042;P68871	HBB_HUMAN;HBD_HUMAN	HBB;HBD	9579.54	9579.54	9579.54	9579.54			VLGAFSDGLAHLDNLK	VLGAFSDGLAHLDNLK	VLGAFSDGLAHLDNLK2	2	0.011889	0.0136986	0	10150.2	10150.2	0	3.39118	3597.9	3.47742	3389.9	0	0.207162	2.94862	0.840188	0	-1e+07	3994;2548;2277;3326;3049;4489;	3763.84;2548;1188.72;964.678;1452.1;1197.51;	0.844725;0.955606;0.493107;0.22037;0.453514;-0.198949;
./tmp//tQC_NA_NA_2.mzML.dia	P02042;P68871	P02042;P68871	HBB_HUMAN;HBD_HUMAN	HBB;HBD	9579.54	9579.54	9579.54	9579.54			VLGAFSDGLAHLDNLK	VLGAFSDGLAHLDNLK	VLGAFSDGLAHLDNLK3	3	0.00937082	0.0136986	0	9579.54	9579.54	0	3.38338	3749.4	3.5487	3375.37	0	0.539259	4.46915	0.871264	3.64419	0.279242	6702;4863;313487;2910;2874;6888;	6316.03;4314.24;7748.77;2391.31;2874;2772.17;	0.818355;0.8695;0.277266;0.830762;0.891168;0.23704;
./tmp//tQC_NA_NA_2.mzML.dia					3.49289e+06	3.49289e+06					VLISLQEAK	VLISLQEAK	VLISLQEAK2	2	0.00625	1	0	9718.5	9718.5	0	2.46905	1945.9	2.54843	1881.03	0	-0.119952	3.19517	0.949041	2.77984	0.155419	5082;4104;1713;3038;4643;15592;	5082;3329.04;1307.46;1134.36;545.865;1377.49;	0.98367;0.940876;0.936705;0.612785;0.146592;-0.0230928;
./tmp//tQC_NA_NA_2.mzML.dia					3.49289e+06	3.49289e+06					VLLAAPPGHQLHR	VLLAAPPGHQLHR	VLLAAPPGHQLHR3	3	0.154545	1	0	2861.04	2861.04	0	1.56835	1160.3	1.85404	1004.51	0	-0.066588	1.99619	0.381154	1.5708	0.357289	29681;1142;708;582;328;1035;	2099.84;156.294;0;582;22.91;701.041;	0.372856;-0.0164629;0.0359797;0.915007;-0.0298279;0.566191;
./tmp//tQC_NA_NA_2.mzML.dia	P01024	P01024	CO3_HUMAN	C3	153839	153839	153839	153839	153839	153839	VLLDGVQNPR	VLLDGVQNPR	VLLDGVQNPR2	2	0.00220264	0.0136986	1	110257	110257	0	2.1378	1506.9	2.19822	1436.08	0	0.983943	5.50072	0.956379	3.06819	0.183251	43898;43572;24242;31213;7279;6434;	43789.6;42225.7;24242;12024.9;4232.07;5927.87;	0.981194;0.971686;0.984744;0.382901;0.864347;0.959767;
./tmp//tQC_NA_NA_2.mzML.dia	P06681	P06681	CO2_HUMAN	C2	9218.82	9218.82	9218.82	9218.82	9218.82	9218.82	VLM(UniMod:35)SVLNDNSR	VLMSVLNDNSR	VLM(UniMod:35)SVLNDNSR2	2	0.0719823	0.0136986	1	18704.3	18704.3	0	2.13997	1346.8	2.04654	1437.64	0	0.736339	2.34941	0.52069	3.33258	0.288115	10108;6722;3113;1928;7475;2747;	8905.74;814.495;752.687;410.363;7475;345.974;	0.69992;0.083365;-0.106179;0.0854873;0.973677;0.0477778;
./tmp//tQC_NA_NA_2.mzML.dia	P06681	P06681	CO2_HUMAN	C2	9218.82	9218.82	9218.82	9218.82	9218.82	9218.82	VLMSVLNDNSR	VLMSVLNDNSR	VLMSVLNDNSR2	2	0.0659091	0.0136986	1	92034	92034	0	2.60862	2053.3	2.61178	2061.07	0	-0.03533	2.47327	0.562854	2.44549	0.107268	3396;3957;39809;11566;49651;5683;	248.23;474.17;39809;354.645;49635.7;1512.27;	0.04438;0.0582437;0.93227;-0.106048;0.935716;0.508055;
./tmp//tQC_NA_NA_2.mzML.dia	P01019	P01019	ANGT_HUMAN	AGT	21230	21230	21230	21230	21230	21230	VLSALQAVQGLLVAQGR	VLSALQAVQGLLVAQGR	VLSALQAVQGLLVAQGR3	3	0.00220264	0.0136986	1	12129	12129	0	4.37042	4346.1	4.38502	4342.64	0	0.625287	5.74299	0.955357	1.57883	0.101884	6426;6754;5441;3381;2523;2033;	6384.6;6667.68;5223.31;3381;2363.42;1943.72;	0.961397;0.954932;0.925633;0.965817;0.972001;0.959706;
./tmp//tQC_NA_NA_2.mzML.dia	Q9NZP8	Q9NZP8	C1RL_HUMAN	C1RL	1079.75	1079.75	1079.75	1079.75	1079.75	1079.75	VLSYVDWIK	VLSYVDWIK	VLSYVDWIK2	2	0.0155642	0.0365854	1	16159.8	16159.8	0	3.46972	3429.1	3.39677	3555.72	0	0.0582939	2.80404	0.805839	1.43656	0.595319	3739;5666;2873;1495;3015;4501;	3213.1;3837.13;2873;1000.93;1899.8;3335.82;	0.530407;0.352974;0.939108;0.470766;0.345963;0.64128;
./tmp//tQC_NA_NA_2.mzML.dia	P02774	P02774	VTDB_HUMAN	GC	53475.6	53475.6	53475.6	53475.6	53475.6	53475.6	VM(UniMod:35)DKYTFELSR	VMDKYTFELSR	VM(UniMod:35)DKYTFELSR2	2	0.605816	0.0136986	1	6229.29	6229.29	0	2.32757	1557.3	2.24927	1667.95	0	-0.110991	2.83851	0.146836	2.92656	0.166213	2283;1415;1332;3225;932;2218;	2123.5;97.7816;151.281;3225;289.889;341.836;	0.906527;0.0018304;-0.0356404;0.966887;0.287986;0.0303168;
./tmp//tQC_NA_NA_2.mzML.dia	P02774	P02774	VTDB_HUMAN	GC	53475.6	53475.6	53475.6	53475.6	53475.6	53475.6	VM(UniMod:35)DKYTFELSR	VMDKYTFELSR	VM(UniMod:35)DKYTFELSR3	3	0.343505	0.0136986	1	26172.8	26172.8	0	2.33297	1693.5	2.36408	1676.6	0	0.0516364	2.09428	0.23323	0	-1e+07	3505;17753;1587;9729;6276;5104;	744.199;17519.4;1587;4659.5;864.878;797.766;	-0.300372;0.889014;0.96041;0.403647;-0.302611;-0.233537;
./tmp//tQC_NA_NA_2.mzML.dia	P02774	P02774	VTDB_HUMAN	GC	53475.6	53475.6	53475.6	53475.6	53475.6	53475.6	VMDKYTFELSR	VMDKYTFELSR	VMDKYTFELSR2	2	0.00220264	0.0136986	1	10031.9	10031.9	0	2.47512	1825.7	2.44204	1886.36	0	0.367506	4.85543	0.956017	4.66497	0.246788	9349;5276;3212;3119;3303;2268;	5333.95;5276;2972.76;1274.56;1977.96;1783.17;	0.561228;0.943726;0.925888;0.540715;0.729429;0.875101;
./tmp//tQC_NA_NA_2.mzML.dia	P02774	P02774	VTDB_HUMAN	GC	53475.6	53475.6	53475.6	53475.6	53475.6	53475.6	VMDKYTFELSR	VMDKYTFELSR	VMDKYTFELSR3	3	0.00625	0.0136986	1	21823.3	21823.3	0	2.48052	1821.7	2.43945	1890.95	0	0.628228	2.73212	0.94709	2.52585	0.221216	8650;14664;2.32814e+06;22399;113643;7453;	8650;8400.01;8631.4;9421.52;9363.36;4773.29;	0.932587;0.600638;-0.262961;0.380985;-0.112017;0.896505;
./tmp//tQC_NA_NA_2.mzML.dia					3.49289e+06	3.49289e+06					VMVENSHGLR	VMVENSHGLR	VMVENSHGLR2	2	0.474604	1	0	7307.76	7307.76	0	2.54522	2348.8	2.76218	1952.6	0	0.371643	1.8178	0.184679	3.19588	0.447054	2319;3724;219820;2518;2979;14816;	625.43;3724;2304.12;1723.23;354.4;1235.1;	0.165171;0.96609;0.0234129;0.457184;0.0070044;0.243895;
./tmp//tQC_NA_NA_2.mzML.dia	P13796	P13796	PLSL_HUMAN	LCP1	12841.5	12841.5	12841.5	12841.5	12841.5	12841.5	VNDDIIVNWVNETLR	VNDDIIVNWVNETLR	VNDDIIVNWVNETLR3	3	0.268022	0.61194	1	12841.5	12841.5	0	4.18628	4347.5	4.38948	4290.88	0	0.791948	4.5438	0.279996	3.35352	0.177507	3923;4712;3149;4167;6356;5659;	3923;2582.82;2230.76;2671.31;2527.19;3664.34;	0.956761;0.786205;0.697349;0.58425;0.240491;0.674825;
./tmp//tQC_NA_NA_2.mzML.dia					3.49289e+06	3.49289e+06					VNEVTEFAK	VNEVTEFAK	VNEVTEFAK2	2	0.00220264	1	0	22441	22441	0	1.92687	1234.4	1.94178	1227.95	0	0.61545	4.5556	0.956381	0	-1e+07	10250;8094;4917;5932;2769;25866;	9698.84;7825.19;4917;5219.76;2133.88;4469.57;	0.929629;0.932254;0.922894;0.852474;0.884138;0.0515075;
./tmp//tQC_NA_NA_2.mzML.dia	P00450	P00450	CERU_HUMAN	CP	71879.6	71879.6	71879.6	71879.6	71879.6	71879.6	VNKDDEEFIESNK	VNKDDEEFIESNK	VNKDDEEFIESNK2	2	0.00220264	0.0136986	1	4219.08	4219.08	0	1.61445	1012.3	1.59381	1026.77	0	0.814637	4.81655	0.956424	0	-1e+07	1375;1632;1332;2359;3425;694;	1263.4;796.014;677.322;2359;1458.64;596.683;	0.858066;0.705225;0.783549;0.970313;0.565012;0.847379;
./tmp//tQC_NA_NA_2.mzML.dia	P00450	P00450	CERU_HUMAN	CP	71879.6	71879.6	71879.6	71879.6	71879.6	71879.6	VNKDDEEFIESNK	VNKDDEEFIESNK	VNKDDEEFIESNK3	3	0.00220264	0.0136986	1	24717.4	24717.4	0	1.61898	1012.4	1.59401	1029.01	0	0.819005	4.90481	0.954513	5.28615	0.85354	62035;16587;5129;4356;4171;4026;	10283.8;16587;4371.03;4104.39;4156.85;4026;	0.158304;0.952159;0.819577;0.926955;0.914197;0.965161;
./tmp//tQC_NA_NA_2.mzML.dia	P68871	P68871	HBB_HUMAN	HBB	17784.1	17784.1	17784.1	17784.1	17784.1	17784.1	VNVDEVGGEALGR	VNVDEVGGEALGR	VNVDEVGGEALGR2	2	0.00220264	0.0136986	1	13004.2	13004.2	0	2.28883	1759.2	2.40261	1607.83	0	0.810391	5.12962	0.956343	2.40239	0.448908	38247;5796;6022;3484;4722;3002;	7994.2;5670.98;5380.16;3484;4140.05;1824.89;	0.287561;0.911991;0.920471;0.967727;0.958112;0.800692;
./tmp//tQC_NA_NA_2.mzML.dia	P69891;P69892	P69891;P69892	HBG1_HUMAN;HBG2_HUMAN	HBG1;HBG2	13421.1	13421.1	13421.1	13421.1			VNVEDAGGETLGR	VNVEDAGGETLGR	VNVEDAGGETLGR2	2	0.360345	0.428571	0	7624.2	7624.2	0	1.88187	1217.9	1.92408	1188.85	0	0.473018	2.68627	0.225896	2.79059	0.270395	9734;3149;1124;768;1645;1557;	4170.56;1212.52;0;169.879;514.249;1557;	0.0925917;0.377677;-0.106839;0.164986;0.0831371;0.904618;
./tmp//tQC_NA_NA_2.mzML.dia					3.49289e+06	3.49289e+06					VNYIFFK	VNYIFFK	VNYIFFK2	2	0.474604	1	0	7079.76	7079.76	0	2.91215	2835.5	3.03795	2626.1	0	-0.0266035	2.25598	0.185421	1.86187	0.105807	3947;934;1828;1797;2197;1651;	3947;52.0972;297.621;502.333;2041.12;239.594;	0.844428;0.0443178;0.286275;0.519489;0.901351;0.150262;
./tmp//tQC_NA_NA_2.mzML.dia	P06396	P06396	GELS_HUMAN	GSN	21257.3	21257.3	21257.3	21257.3	21257.3	21257.3	VPEARPNSMVVEHPEFLK	VPEARPNSMVVEHPEFLK	VPEARPNSMVVEHPEFLK3	3	0.00625	0.0136986	1	4336.77	4336.77	0	2.52445	1997.4	2.58718	1929.22	0	0.622097	3.21201	0.946595	0	-1e+07	2794;2146;1105;1483;9149;744;	2177.82;1212.44;675.944;1483;979.833;459.214;	0.78192;0.668598;0.728339;0.961049;0.0325032;0.649572;
./tmp//tQC_NA_NA_2.mzML.dia	P06396	P06396	GELS_HUMAN	GSN	21257.3	21257.3	21257.3	21257.3	21257.3	21257.3	VPEARPNSMVVEHPEFLK	VPEARPNSMVVEHPEFLK	VPEARPNSMVVEHPEFLK4	4	0.00364299	0.0136986	1	8110.83	8110.83	0	2.5809	1997.5	2.58723	2010.9	0	0.619243	4.02638	0.953392	2.73553	0.277993	5683;2322;3540;2284;2140;3428;	4159.74;940.808;478.115;2284;1667.09;1759.17;	0.849126;0.719347;0.176723;0.95432;0.837188;0.449048;
./tmp//tQC_NA_NA_2.mzML.dia	P02751	P02751	FINC_HUMAN	FN1	21839.1	21839.1	21839.1	21839.1	21839.1	21839.1	VPGTSTSATLTGLTR	VPGTSTSATLTGLTR	VPGTSTSATLTGLTR2	2	0.00220264	0.0136986	1	10190.5	10190.5	0	2.38965	1856.4	2.46352	1771.09	0	0.47841	5.68612	0.955532	2.12139	0.250206	6388;2975;3048;2904;2352;1464;	6388;2767.6;2400.68;2517.82;1786.09;1284.71;	0.977821;0.93651;0.904468;0.973654;0.933392;0.956699;
./tmp//tQC_NA_NA_2.mzML.dia	P02768;P02769	P02768;P02769	ALBU_BOVIN;ALBU_HUMAN	ALB	6.52224e+06	6.52224e+06	6.52224e+06	6.52224e+06	6.52224e+06	6.52224e+06	VPQVSTPTLVEVSR	VPQVSTPTLVEVSR	VPQVSTPTLVEVSR2	2	0.00220264	0.0136986	1	909447	909447	0	2.74817	2457.8	2.85093	2289.49	0	0.993165	5.92019	0.955728	2.64435	0.0975896	319223;302565;163874;287696;149639;87829;	319186;302565;163846;287696;149586;86838.5;	0.989415;0.990881;0.980616;0.984759;0.981322;0.983085;
./tmp//tQC_NA_NA_2.mzML.dia	P02768;P02769	P02768;P02769	ALBU_BOVIN;ALBU_HUMAN	ALB	6.52224e+06	6.52224e+06	6.52224e+06	6.52224e+06	6.52224e+06	6.52224e+06	VPQVSTPTLVEVSR	VPQVSTPTLVEVSR	VPQVSTPTLVEVSR3	3	0.00220264	0.0136986	1	596439	596439	0	2.7408	2532.5	2.89103	2271.48	0	0.18106	5.82118	0.955544	2.35861	0.3506	300066;211507;99089;71178;73240;55452;	285886;211507;99045.6;69764.6;67286.8;55452;	0.976935;0.978328;0.976936;0.952312;0.941994;0.974759;
./tmp//tQC_NA_NA_2.mzML.dia	P04114	P04114	APOB_HUMAN	APOB	43710.3	43710.3	43710.3	43710.3	43710.3	43710.3	VPSYTLILPSLELPVLHVPR	VPSYTLILPSLELPVLHVPR	VPSYTLILPSLELPVLHVPR3	3	0.00364299	0.0136986	1	26431.3	26431.3	0	4.61035	4429.4	4.64362	4402.45	0	0.973968	5.83193	0.953166	1.46772	0.133423	18998;4521;4903;2851;3635;3289;	18998;4103.27;4578.57;2551.33;3330.03;3054.5;	0.997141;0.970053;0.967819;0.947443;0.9708;0.968094;
./tmp//tQC_NA_NA_2.mzML.dia	P01024	P01024	CO3_HUMAN	C3	153839	153839	153839	153839	153839	153839	VPVAVQGEDTVQSL	VPVAVQGEDTVQSL	VPVAVQGEDTVQSL2	2	0.00937082	0.0136986	1	16820.2	16820.2	0	2.91995	2716.3	2.95353	2643.64	0	-0.198347	3.23748	0.889565	0	-1e+07	6281;6990;3299;3783;1436;3126;	6281;6843.85;325.152;3695.3;528.213;941.763;	0.96418;0.913903;-0.0233708;0.968695;0.495243;0.390143;
./tmp//tQC_NA_NA_2.mzML.dia	P01024	P01024	CO3_HUMAN	C3	153839	153839	153839	153839	153839	153839	VPVAVQGEDTVQSLTQGDGVAK	VPVAVQGEDTVQSLTQGDGVAK	VPVAVQGEDTVQSLTQGDGVAK3	3	0.00220264	0.0136986	1	66014.5	66014.5	0	2.92038	2750.4	2.97257	2644.64	0	0.960041	5.71701	0.95593	2.08779	0.0968976	36138;18507;15954;15795;21235;10004;	35730.2;18507;15727.4;15173.7;20562.9;9721.42;	0.947855;0.946661;0.942562;0.926467;0.948327;0.974283;
./tmp//tQC_NA_NA_2.mzML.dia	P19823	P19823	ITIH2_HUMAN	ITIH2	72324.5	72324.5	72324.5	72324.5	72324.5	72324.5	VQFELHYQEVK	VQFELHYQEVK	VQFELHYQEVK2	2	0.0085592	0.0136986	1	10442.4	10442.4	0	2.46322	1817.4	2.43671	1875.68	0	0.199573	4.28227	0.928498	2.42772	0.0970382	3272;3230;2540;4659;4275;3049;	3164.97;3202.8;2073.31;4190.64;1844.01;3049;	0.722519;0.886788;0.667682;0.810917;0.410294;0.925294;
./tmp//tQC_NA_NA_2.mzML.dia	P15151	P15151	PVR_HUMAN	PVR	9991.08	9991.08	9991.08	9991.08	9991.08	9991.08	VQLTGEPVPMAR	VQLTGEPVPMAR	VQLTGEPVPMAR2	2	0.267593	0.61194	1	9991.08	9991.08	0	2.74513	2005.8	2.59178	2281.91	0	0.11697	2.27667	0.280997	2.2732	0.0939015	1378;1824;3075;3013;2519;3619;	638.054;694.903;1702.12;1819.02;1517.98;3619;	0.253765;-0.235613;0.305189;0.182546;0.306033;0.925861;
./tmp//tQC_NA_NA_2.mzML.dia	P02647	P02647	APOA1_HUMAN	APOA1	1.27836e+06	1.27836e+06	1.27836e+06	1.27836e+06	1.27836e+06	1.27836e+06	VQPYLDDFQK	VQPYLDDFQK	VQPYLDDFQK2	2	0.00220264	0.0136986	1	400430	400430	0	2.52228	1914.1	2.51463	1927.08	0	0.971028	5.8106	0.956419	2.56385	0.135385	279038;56914;93426;36631;28075;22600;	279038;54190;93316.5;33600.7;28075;21917.7;	0.983857;0.947112;0.969298;0.959497;0.968252;0.962804;
./tmp//tQC_NA_NA_2.mzML.dia	P02647	P02647	APOA1_HUMAN	APOA1	1.27836e+06	1.27836e+06	1.27836e+06	1.27836e+06	1.27836e+06	1.27836e+06	VQPYLDDFQKK	VQPYLDDFQKK	VQPYLDDFQKK2	2	0.00220264	0.0136986	1	34085.6	34085.6	0	2.19147	1439.4	2.13037	1479.66	0	0.987337	5.87284	0.956147	0	-1e+07	70920;44084;15580;9248;9818;7829;	70763.4;43851.1;15580;8852.61;9653;7724.85;	0.970198;0.975794;0.981458;0.985625;0.978571;0.974469;
./tmp//tQC_NA_NA_2.mzML.dia	P02647	P02647	APOA1_HUMAN	APOA1	1.27836e+06	1.27836e+06	1.27836e+06	1.27836e+06	1.27836e+06	1.27836e+06	VQPYLDDFQKK	VQPYLDDFQKK	VQPYLDDFQKK3	3	0.00364299	0.0136986	1	166430	166430	0	2.18453	1439	2.12998	1473.16	0	0.771075	5.83956	0.952016	1.96381	0.144127	81795;360989;40469;44661;20245;19054;	81703.6;360425;40469;44257.2;17444.7;17124.2;	0.985276;0.975352;0.976448;0.978345;0.972701;0.966303;
./tmp//tQC_NA_NA_2.mzML.dia	P04196	P04196	HRG_HUMAN	HRG	26183.3	26183.3	26183.3	26183.3	26183.3	26183.3	VRGGEGTGYFVDFSVR	VRGGEGTGYFVDFSVR	VRGGEGTGYFVDFSVR3	3	0.184418	0.0136986	1	18363	18363	0	2.97728	2578.3	2.90756	2763.96	0	-0.132909	2.39542	0.350192	4.09261	0.740878	3557;5967;6498;3317;2571;5527;	3450.72;4329.48;2942.45;3317;2391.39;1931.98;	0.789966;0.390507;0.527105;0.945003;0.712265;0.26605;
./tmp//tQC_NA_NA_2.mzML.dia	P00751	P00751	CFAB_HUMAN	CFB	29006.3	29006.3	29006.3	29006.3	29006.3	29006.3	VSEADSSNADWVTK	VSEADSSNADWVTK	VSEADSSNADWVTK2	2	0.00220264	0.0136986	1	8398.77	8398.77	0	1.92188	1213.2	1.91887	1223.35	0	0.892327	5.16682	0.956312	0	-1e+07	4488;2585;3472;4203;2237;1860;	2478.36;2300.9;2399.27;4203;1894.87;1638.6;	0.717827;0.921563;0.840505;0.94107;0.925684;0.898023;
./tmp//tQC_NA_NA_2.mzML.dia	P03952	P03952	KLKB1_HUMAN	KLKB1	10736.2	10736.2	10736.2	10736.2	10736.2	10736.2	VSEGNHDIALIK	VSEGNHDIALIK	VSEGNHDIALIK2	2	0.0085592	0.0136986	1	3389.48	3389.48	0	1.96775	1267.6	1.97503	1268.44	0	-0.026726	2.60137	0.927628	1.84874	0.099176	2067;3293;1195;2446;3080;4058;	1157.31;1037.17;1195;616.255;820.726;770.47;	0.70367;0.16701;0.932435;0.127534;0.130412;0.0133431;
./tmp//tQC_NA_NA_2.mzML.dia	P62937	P62937	PPIA_HUMAN	PPIA	40379.3	40379.3	40379.3	40379.3	40379.3	40379.3	VSFELFADKVPK	VSFELFADKVPK	VSFELFADKVPK2	2	0.408666	0.777778	1	40379.3	40379.3	0	3.17807	3026.3	3.18314	3028.66	0	-0.126025	2.47487	0.207088	3.24276	0.458999	1040;1005;2293;2204;45273;1362;	650.87;1005;1320.5;0;36916.2;486.788;	0.438295;0.873374;0.457045;-0.212457;0.689947;0.340863;
./tmp//tQC_NA_NA_2.mzML.dia	P02647	P02647	APOA1_HUMAN	APOA1	1.27836e+06	1.27836e+06	1.27836e+06	1.27836e+06	1.27836e+06	1.27836e+06	VSFLSALEEYTK	VSFLSALEEYTK	VSFLSALEEYTK2	2	0.00220264	0.0136986	1	1.27836e+06	1.27836e+06	0	4.11533	4224.7	4.01679	4262.63	0	0.989449	5.85777	0.955221	3.04753	0.156745	613262;486893;213834;179837;144792;99416;	613188;486877;213834;178292;143702;99020;	0.980428;0.976499;0.97441;0.977557;0.973648;0.968545;
./tmp//tQC_NA_NA_2.mzML.dia					3.49289e+06	3.49289e+06					VSLGSPSGEVSHPR	VSLGSPSGEVSHPR	VSLGSPSGEVSHPR2	2	0.0669693	1	0	5223.62	5223.62	0	2.21657	1591.1	2.28202	1506.65	0	0.708639	2.10246	0.554671	2.95399	0.185812	2891;3710;3626;1388;4502;2233;	2891;1023.65;302.562;89.3852;696.109;220.914;	0.972564;0.492711;-0.110544;-0.0878567;0.190737;-0.0859001;
./tmp//tQC_NA_NA_2.mzML.dia	P07585	P07585	PGS2_HUMAN	DCN	15539	15539	15539	15539	15539	15539	VSPGAFTPLVK	VSPGAFTPLVK	VSPGAFTPLVK2	2	0.468567	0.795918	1	15539	15539	0	2.64343	2470.2	2.85913	2111.65	0	0.236806	2.74801	0.188287	1.68376	0.153528	6468;4313;5617;873;5352;237;	6468;3150.96;4866.6;132.551;887.24;33.6295;	0.926159;0.920389;0.920638;0.150825;0.10538;0.369951;
./tmp//tQC_NA_NA_2.mzML.dia					3.49289e+06	3.49289e+06					VSTPTLVEVSR	VSTPTLVEVSR	VSTPTLVEVSR2	2	0.103814	1	0	32446.2	32446.2	0	2.38575	1830.5	2.4452	1764.39	0	0.0491138	3.73895	0.453668	2.79426	0.228861	1251;12910;8486;10019;4353;2784;	284.007;12621.6;8486;6115.16;4189.99;749.449;	0.0813252;0.983575;0.985371;0.716963;0.847131;0.0155367;
./tmp//tQC_NA_NA_2.mzML.dia	P01871	P01871	IGHM_HUMAN	IGHM	70959.5	70959.5	70959.5	70959.5	70959.5	70959.5	VSVFVPPR	VSVFVPPR	VSVFVPPR2	2	0.00937082	0.0136986	1	61193.9	61193.9	0	2.33253	1802.5	2.42753	1675.9	0	-0.0708272	4.59661	0.903796	2.50265	0.187619	15254;42213;39340;23028;10691;12261;	1334.87;42102.5;39340;19903.7;10043;11811;	-0.301564;0.961689;0.969301;0.923408;0.963589;0.973247;
./tmp//tQC_NA_NA_2.mzML.dia	P02751	P02751	FINC_HUMAN	FN1	21839.1	21839.1	21839.1	21839.1	21839.1	21839.1	VTDATETTITISWR	VTDATETTITISWR	VTDATETTITISWR2	2	0.00364299	0.0136986	1	7470.8	7470.8	0	3.02033	2821.7	3.02622	2814.53	0	-0.197613	4.08982	0.953798	0	-1e+07	3231;2698;2958;2511;2966;2833;	2198.5;1709.85;1972.92;1680.95;2956.86;2833;	0.7382;0.732167;0.692311;0.785782;0.879165;0.94666;
./tmp//tQC_NA_NA_2.mzML.dia	P00450	P00450	CERU_HUMAN	CP	71879.6	71879.6	71879.6	71879.6	71879.6	71879.6	VTFHNKGAYPL	VTFHNKGAYPL	VTFHNKGAYPL2	2	0.056582	0.0136986	1	8201.91	8201.91	0	1.95498	1364	2.06155	1255.24	0	0.377104	2.85766	0.588532	2.06339	0.0977296	6653;1728;3921;1526;4980;796;	6653;143.827;0;643.094;761.993;0;	0.958486;0.51036;0.555439;0.567108;0.363397;0.306245;
./tmp//tQC_NA_NA_2.mzML.dia	A0A0C4DH41;P01824;P01825;P06331;P0DP06;P0DP08	A0A0C4DH41;P01824;P01825;P06331;P0DP06;P0DP08	HV434_HUMAN;HV439_HUMAN;HV459_HUMAN;HV461_HUMAN;HVD34_HUMAN;HVD82_HUMAN	IGHV4-30-4;IGHV4-34;IGHV4-38-2;IGHV4-39;IGHV4-59;IGHV4-61	66252.2	66252.2	66252.2	66252.2			VTISVDTSK	VTISVDTSK	VTISVDTSK2	2	0.00364299	1	0	66252.2	66252.2	0	1.704	1144.5	1.8316	1073.2	0	0.653707	4.30897	0.952349	4.01684	0.949806	53095;117742;19601;7813;6698;8114;	53095;44132.4;18800.9;6175.22;5212.24;6981.95;	0.957484;0.36404;0.945098;0.961755;0.954622;0.978337;
./tmp//tQC_NA_NA_2.mzML.dia	P02533;P08779;P13645;Q7Z3Y7;Q7Z3Y8;Q7Z3Y9;Q7Z3Z0	P02533;P08779;P13645;Q7Z3Y7;Q7Z3Y8;Q7Z3Y9;Q7Z3Z0	K1C10_HUMAN;K1C14_HUMAN;K1C16_HUMAN;K1C25_HUMAN;K1C26_HUMAN;K1C27_HUMAN;K1C28_HUMAN	KRT10;KRT14;KRT16;KRT25;KRT26;KRT27;KRT28	4211.69	4211.69	4211.69	4211.69			VTM(UniMod:35)QNLNDR	VTMQNLNDR	VTM(UniMod:35)QNLNDR2	2	0.0706278	0.241379	0	4211.69	4211.69	0	1.02788	733.8	1.02734	752.14	0	-0.0918168	2.73152	0.542559	2.69264	0.423201	466;493;2111;1069;1200;1368;	0;0;1972.22;56.8521;1200;982.618;	-0.14062;0.158045;0.890311;-0.0133308;0.903419;0.812146;
./tmp//tQC_NA_NA_2.mzML.dia	P02533;P08779;P13645;Q7Z3Y7;Q7Z3Y8;Q7Z3Y9;Q7Z3Z0	P02533;P08779;P13645;Q7Z3Y7;Q7Z3Y8;Q7Z3Y9;Q7Z3Z0	K1C10_HUMAN;K1C14_HUMAN;K1C16_HUMAN;K1C25_HUMAN;K1C26_HUMAN;K1C27_HUMAN;K1C28_HUMAN	KRT10;KRT14;KRT16;KRT25;KRT26;KRT27;KRT28	4211.69	4211.69	4211.69	4211.69			VTMQNLNDR	VTMQNLNDR	VTMQNLNDR2	2	0.327739	0.241379	0	7868.32	7868.32	0	1.70573	1026	1.62141	1074.15	0	0.218716	2.67988	0.244028	2.69697	0.705821	2347;3722;1040;1270;2648;1768;	1388.62;3722;283.091;512.455;1180.2;781.957;	0.68328;0.934021;0.10996;0.446392;0.346646;0.0520018;
./tmp//tQC_NA_NA_2.mzML.dia	P05155	P05155	IC1_HUMAN	SERPING1	83273	83273	83273	83273	83273	83273	VTTSQDMLSIMEK	VTTSQDMLSIMEK	VTTSQDMLSIMEK2	2	0.00220264	0.0136986	1	9936.97	9936.97	0	3.05603	2761.7	2.98	2844.84	0	0.582163	5.209	0.955829	0	-1e+07	3817;3230;3142;6094;4028;5083;	3720.34;3074.63;3142;3929.63;3540.86;2196.81;	0.963297;0.972822;0.977466;0.705629;0.921488;0.602593;
./tmp//tQC_NA_NA_2.mzML.dia	P10909	P10909	CLUS_HUMAN	CLU	31118.6	31118.6	31118.6	31118.6	31118.6	31118.6	VTTVASHTSDSDVPSGVTEVVVK	VTTVASHTSDSDVPSGVTEVVVK	VTTVASHTSDSDVPSGVTEVVVK3	3	0.00220264	0.0136986	1	26670.8	26670.8	0	2.40328	1996.4	2.5866	1794.72	0	0.966672	5.84393	0.955575	2.26779	0.285524	21467;24041;22043;9384;10311;7216;	21440.2;24041;22030.9;9384;10202.8;7084.01;	0.951945;0.965577;0.974884;0.97856;0.983265;0.981321;
./tmp//tQC_NA_NA_2.mzML.dia	P02751	P02751	FINC_HUMAN	FN1	21839.1	21839.1	21839.1	21839.1	21839.1	21839.1	VTWAPPPSIDLTNFLVR	VTWAPPPSIDLTNFLVR	VTWAPPPSIDLTNFLVR3	3	0.00220264	0.0136986	1	5267.92	5267.92	0	4.4959	4397.9	4.54651	4371.55	0	0	4.49749	0.954617	0	-1e+07	2722;2056;3097;2234;911;1724;	2378.81;2056;1270.66;1740.42;833.11;803.984;	0.887873;0.973504;0.54652;0.875151;0.929372;0.712607;
./tmp//tQC_NA_NA_2.mzML.dia	P02042;P68871	P02042;P68871	HBB_HUMAN;HBD_HUMAN	HBB;HBD	9579.54	9579.54	9579.54	9579.54			VVAGVANALAHKYH	VVAGVANALAHKYH	VVAGVANALAHKYH3	3	0.0687711	0.0136986	0	9235.77	9235.77	0	2.45628	1855.3	2.4627	1868.96	0	0.120821	1.80555	0.54943	2.64322	0.291893	6127;3411;1338;1100;2487;2798;	3621.12;1949.15;0;0;2487;1178.5;	0.340059;0.362618;0.096134;-0.00581383;0.821615;0.0321192;
./tmp//tQC_NA_NA_2.mzML.dia	P02748	P02748	CO9_HUMAN	C9	16717.4	16717.4	16717.4	16717.4	16717.4	16717.4	VVEESELAR	VVEESELAR	VVEESELAR2	2	0.00364299	0.0136986	1	12091.8	12091.8	0	1.53222	1006.7	1.58242	987.618	0	-0.0679384	3.59597	0.952207	2.794	0.279707	8664;3518;6455;2625;2400;1911;	8664;2461.26;2036.88;1213.73;925.28;966.534;	0.964597;0.936574;0.324643;0.779057;0.626571;0.847423;
./tmp//tQC_NA_NA_2.mzML.dia	P05543	P05543	THBG_HUMAN	SERPINA7	7531.26	7531.26	7531.26	7531.26	7531.26	7531.26	VVGLIQDLKPNTIMVLVNYIHFK	VVGLIQDLKPNTIMVLVNYIHFK	VVGLIQDLKPNTIMVLVNYIHFK4	4	0.389744	0.0136986	1	37669.9	37669.9	0	4.55843	4468.5	4.76415	4387.42	0	0.374175	4.46578	0.214069	4.94596	0.32985	4158;4994;7469;20016;2866;4360;	2665.37;4750.5;5126.66;20016;979.058;4132.28;	0.788826;0.923273;0.515063;0.996942;-0.0308121;0.906371;
./tmp//tQC_NA_NA_2.mzML.dia	Q14520	Q14520	HABP2_HUMAN	HABP2	16067.5	16067.5	16067.5	16067.5	16067.5	16067.5	VVLGDQDLK	VVLGDQDLK	VVLGDQDLK2	2	0.0687711	0.241071	1	16067.5	16067.5	0	2.01275	1343	2.04323	1319.28	0	0.208955	1.60588	0.548125	1.66516	0.107305	4962;2924;3005;3902;8604;6871;	4962;1804.06;809.776;1021.47;3991.01;3479.22;	0.965237;0.279266;0.198885;0.141223;0.0602898;0.138515;
./tmp//tQC_NA_NA_2.mzML.dia	P01024	P01024	CO3_HUMAN	C3	153839	153839	153839	153839	153839	153839	VVLVAVDKGVFVLNK	VVLVAVDKGVFVLNK	VVLVAVDKGVFVLNK2	2	0.273229	0.0136986	1	2509.65	2509.65	0	3.32865	3415.2	3.388	3282.22	0	0.000928208	2.21759	0.277133	2.21961	0.204841	619;451;942;1142;4375;515;	151.58;111.532;942;170.085;1036.36;98.0925;	0.620228;0.318697;0.935152;0.293085;-0.124724;0.357427;
./tmp//tQC_NA_NA_2.mzML.dia	P01024	P01024	CO3_HUMAN	C3	153839	153839	153839	153839	153839	153839	VVLVAVDKGVFVLNK	VVLVAVDKGVFVLNK	VVLVAVDKGVFVLNK3	3	0.0426035	0.0136986	1	3759.49	3759.49	0	3.33318	3428.1	3.39615	3289.51	0	-0.0817986	2.52443	0.620965	1.98683	0.274749	2801;7574;431;973;520;5118;	802.985;1223.78;431;363.142;201.44;737.142;	0.532268;0.00249762;0.920771;0.485549;0.61863;0.0345666;
./tmp//tQC_NA_NA_2.mzML.dia	P01024	P01024	CO3_HUMAN	C3	153839	153839	153839	153839	153839	153839	VVLVAVDKGVFVLNKK	VVLVAVDKGVFVLNKK	VVLVAVDKGVFVLNKK3	3	0.00625	0.0136986	1	976.465	976.465	0	3.00152	2842	3.04356	2795.42	0	0.0243605	2.35165	0.935033	0	-1e+07	2465;1680;535;471;780;347;	835.567;545.841;535;264.755;258;176.71;	0.342841;0.505395;0.916776;0.628217;0.507007;0.603313;
./tmp//tQC_NA_NA_2.mzML.dia	P01024	P01024	CO3_HUMAN	C3	153839	153839	153839	153839	153839	153839	VVLVSLQSGYLFIQTDK	VVLVSLQSGYLFIQTDK	VVLVSLQSGYLFIQTDK3	3	0.00220264	0.0136986	1	19960.8	19960.8	0	4.0396	4260.5	4.11682	4227.26	0	0.196244	5.28244	0.956141	2.56636	0.112557	8920;6312;7601;3586;7794;4353;	8920;5146.98;6772.1;3248.47;4895.53;4268.66;	0.963881;0.932945;0.969131;0.949493;0.79053;0.966703;
./tmp//tQC_NA_NA_2.mzML.dia	P01023	P01023	A2MG_HUMAN	A2M	171027	171027	171027	171027	171027	171027	VVSMDENFHPLNELIPLVYIQDPK	VVSMDENFHPLNELIPLVYIQDPK	VVSMDENFHPLNELIPLVYIQDPK4	4	0.00220264	0.0136986	1	30911.3	30911.3	0	4.44873	4366.8	4.45043	4360.53	0	0.746202	5.89214	0.955936	2.64222	0.166819	15715;17081;12721;5991;3576;8754;	15617.3;17081;11955.3;5988.33;3338.61;7891.39;	0.990078;0.981187;0.984653;0.961125;0.985645;0.963822;
./tmp//tQC_NA_NA_2.mzML.dia	P01859	P01859	IGHG2_HUMAN	IGHG2	37111.9	37111.9	37111.9	37111.9	37111.9	37111.9	VVSVLTVVHQDWLNGK	VVSVLTVVHQDWLNGK	VVSVLTVVHQDWLNGK3	3	0.00220264	0.0136986	1	37111.9	37111.9	0	3.619	3809.2	3.58728	3839.51	0	0.960918	4.49022	0.955036	2.88028	0.101944	31370;15859;12669;12954;8656;9037;	28360.4;15729.7;12491.1;12726.2;8656;5132.47;	0.917399;0.965172;0.954323;0.955474;0.972865;0.79041;
./tmp//tQC_NA_NA_2.mzML.dia	P04040	P04040	CATA_HUMAN	CAT	3618.64	3618.64	3618.64	3618.64	3618.64	3618.64	VWPHKDYPLIPVGK	VWPHKDYPLIPVGK	VWPHKDYPLIPVGK3	3	0.493377	0.166667	1	5963.17	5963.17	0	2.48268	2171.2	2.65309	1892.76	0	0.309881	3.13586	0.177739	1.71272	0.176585	1529;3774;7503;599;310;1717;	617.894;1413.16;3059.31;213.562;310;349.244;	0.481247;0.593235;0.628577;0.572068;0.862505;0.264526;
./tmp//tQC_NA_NA_2.mzML.dia	P02790	P02790	HEMO_HUMAN	HPX	304223	304223	304223	304223	304223	304223	VWVYPPEK	VWVYPPEK	VWVYPPEK2	2	0.00625	0.0136986	1	36607	36607	0	2.34617	1771.6	2.40959	1698.02	0	-0.155328	3.16031	0.947901	2.12824	0.100369	15464;37973;11871;7292;18357;7022;	15464;14298.1;11513.8;6844.93;2805.42;2143.05;	0.99154;0.154456;0.968834;0.948663;-0.182253;-0.00198164;
./tmp//tQC_NA_NA_2.mzML.dia	P02790	P02790	HEMO_HUMAN	HPX	304223	304223	304223	304223	304223	304223	VWVYPPEKK	VWVYPPEKK	VWVYPPEKK2	2	0.00220264	0.0136986	1	17372.8	17372.8	0	1.94092	1273.7	1.98085	1241.29	0	0.639607	3.98027	0.955696	2.89629	0.107674	7308;12496;5449;6017;4823;5528;	7308;8394.78;5130.61;4934.18;2858.84;1579.08;	0.977275;0.778217;0.983179;0.921984;0.593172;0.100655;
./tmp//tQC_NA_NA_2.mzML.dia	P07225	P07225	PROS_HUMAN	PROS1	20861.7	20861.7	20861.7	20861.7	20861.7	20861.7	VYFAGFPR	VYFAGFPR	VYFAGFPR2	2	0.00625	0.0136986	1	20861.7	20861.7	0	2.92492	2501.4	2.87684	2655.23	0	0.372657	3.21637	0.940865	2.05317	0.164774	10574;6132;6712;11474;15901;4437;	10574;5501.17;4786.49;6862.31;4509.93;1505.35;	0.981919;0.933274;0.815956;0.681419;0.443396;0.196833;
./tmp//tQC_NA_NA_2.mzML.dia	P01031	P01031	CO5_HUMAN	C5	12429.9	12429.9	12429.9	12429.9	12429.9	12429.9	VYSLNDDLKPAKR	VYSLNDDLKPAKR	VYSLNDDLKPAKR2	2	0.0085592	0.0136986	1	662.911	662.911	0	1.94655	1115.2	1.78587	1246.81	0	0.0641477	3.40766	0.927992	2.52421	0.213944	718;604;197;312;297;253;	275.954;182.796;74.9566;312;118.878;106.926;	0.599159;0.419878;0.741035;0.874458;0.514261;0.540787;
./tmp//tQC_NA_NA_2.mzML.dia	P01031	P01031	CO5_HUMAN	C5	12429.9	12429.9	12429.9	12429.9	12429.9	12429.9	VYSLNDDLKPAKR	VYSLNDDLKPAKR	VYSLNDDLKPAKR3	3	0.0085592	0.0136986	1	3041.1	3041.1	0	1.96385	1116	1.78718	1264.35	0	0.584386	3.18603	0.918344	1.88927	0.149118	1824;1922;4327;705;632;1848;	1824;828.077;933.531;389.018;204.27;430.66;	0.972229;0.624528;0.260874;0.615134;0.409679;0.286351;
./tmp//tQC_NA_NA_2.mzML.dia	P29622	P29622	KAIN_HUMAN	SERPINA4	18052.3	18052.3	18052.3	18052.3	18052.3	18052.3	WADLSGITK	WADLSGITK	WADLSGITK2	2	0.00220264	0.0136986	1	9897.22	9897.22	0	2.60472	2044	2.60849	2054.7	0	0.771227	3.45971	0.955799	1.69674	0.225357	4661;4720;1751;3292;2457;4744;	3732.31;4720;1444.9;1953.7;447.745;1330.59;	0.878962;0.945161;0.922619;0.789799;0.0970042;0.105659;
./tmp//tQC_NA_NA_2.mzML.dia	Q9NQ79	Q9NQ79	CRAC1_HUMAN	CRTAC1	7566.07	7566.07	7566.07	7566.07	7566.07	7566.07	WEDILSDEVNVAR	WEDILSDEVNVAR	WEDILSDEVNVAR2	2	0.0353659	0.174757	1	7566.07	7566.07	0	3.24188	3157.2	3.24165	3144.72	0	0.219661	2.54531	0.692785	2.92597	0.142646	2496;2898;1806;1901;726;3204;	2496;1748.7;779.903;949.321;0;1592.15;	0.911636;0.427175;0.0783812;0.241538;0.320102;0.395294;
./tmp//tQC_NA_NA_2.mzML.dia	P04264	P04264	K2C1_HUMAN	KRT1	15216.4	15216.4	15216.4	15216.4	15216.4	15216.4	WELLQQVDTSTR	WELLQQVDTSTR	WELLQQVDTSTR2	2	0.267593	0.338983	1	14810.5	14810.5	0	3.01903	2891.6	3.08694	2813.31	0	0.256007	2.41027	0.281066	3.37208	0.678045	3681;4374;2077;1728;7817;8963;	1903.78;4374;947.765;979.08;1938.76;4667.14;	0.390382;0.925128;0.539185;0.248265;-0.158549;0.0482788;
./tmp//tQC_NA_NA_2.mzML.dia	P01011	P01011	AACT_HUMAN	SERPINA3	138152	138152	138152	138152	138152	138152	WEMPFDPQDTHQSR	WEMPFDPQDTHQSR	WEMPFDPQDTHQSR3	3	0.00220264	0.0136986	1	14219.5	14219.5	0	2.91562	2527.4	2.8889	2633.8	0	0.730114	3.85146	0.955932	2.88745	0.127541	5441;2852;6316;4486;2266;4271;	5441;2764.85;6013.63;3852.19;1844.4;2452.56;	0.977375;0.903225;0.90239;0.845882;0.822308;0.740295;
./tmp//tQC_NA_NA_2.mzML.dia	P01009	P01009	A1AT_HUMAN	SERPINA1	589664	589664	589664	589664	589664	589664	WERPFEVKDTEEEDFHVDQVTTVK	WERPFEVKDTEEEDFHVDQVTTVK	WERPFEVKDTEEEDFHVDQVTTVK4	4	0.0085592	0.0136986	1	9477.1	9477.1	0	2.80938	2488.8	2.87016	2429.56	0	0.547145	4.08778	0.928903	0	-1e+07	4211;3015;2311;1442;2783;6154;	4151.1;3015;2311;1351.93;2061.86;3691.3;	0.865958;0.894318;0.947105;0.804422;0.595211;0.464502;
./tmp//tQC_NA_NA_2.mzML.dia	P08697	P08697	A2AP_HUMAN	SERPINF2	14446.4	14446.4	14446.4	14446.4	14446.4	14446.4	WFLLEQPEIQVAHFPFK	WFLLEQPEIQVAHFPFK	WFLLEQPEIQVAHFPFK3	3	0.00220264	0.0136986	1	14446.4	14446.4	0	4.36242	4336.9	4.35564	4340.76	0	0.335614	5.46792	0.956009	0	-1e+07	5824;3706;12766;5540;4939;3851;	5410.41;3495.95;7812.73;5540;2213.9;2752.03;	0.974113;0.963996;0.78105;0.989783;0.685968;0.89263;
./tmp//tQC_NA_NA_2.mzML.dia	P00736	P00736	C1R_HUMAN	C1R	15140.4	15140.4	15140.4	15140.4	15140.4	15140.4	WILTAAHTLYPK	WILTAAHTLYPK	WILTAAHTLYPK2	2	0.0085592	0.025	1	4135.93	4135.93	0	2.99352	2563.6	2.90268	2786.04	0	0.157614	2.81626	0.91732	1.58168	0.253092	2306;4777;9922;3365;769;2638;	1846.39;1826.88;2452.66;1520.54;769;1030.96;	0.792048;0.216973;-0.00228894;0.427335;0.877239;0.156504;
./tmp//tQC_NA_NA_2.mzML.dia	P00736	P00736	C1R_HUMAN	C1R	15140.4	15140.4	15140.4	15140.4	15140.4	15140.4	WILTAAHTLYPK	WILTAAHTLYPK	WILTAAHTLYPK3	3	0.00937082	0.025	1	15140.4	15140.4	0	2.99892	2572.4	2.90564	2792.47	0	0	4.69028	0.862601	5.17676	0.342918	5427;5591;4105;2426;9812;3222;	4686.99;1825.38;3366.46;2426;9347.99;2231.72;	0.823559;0.616048;0.826108;0.966146;0.873019;0.635916;
./tmp//tQC_NA_NA_2.mzML.dia					3.49289e+06	3.49289e+06					WIQETIAAN	WIQETIAAN	WIQETIAAN2	2	0.0781759	1	0	10299.3	10299.3	0	2.6549	2158.9	2.6473	2127.03	0	-0.229025	2.96531	0.48687	2.64853	0.570554	4766;3182;2398;2650;3411;7188;	1201.79;3182;1064;745.062;1348.24;2758.16;	0.318119;0.917633;0.170926;0.0704816;0.450654;0.414687;
./tmp//tQC_NA_NA_2.mzML.dia					3.49289e+06	3.49289e+06					WIQQTIAAN	WIQQTIAAN	WIQQTIAAN2	2	0.0228717	1	0	16686.3	16686.3	0	2.6549	1952.2	2.5543	2127.03	0	0.415153	4.15196	0.751229	2.71393	0.464423	4814;2674;2864;2707;7188;3312;	4678.8;1741.54;2471.2;1567.62;2915.11;3312;	0.809302;0.619012;0.759379;0.633699;0.468011;0.913843;
./tmp//tQC_NA_NA_2.mzML.dia	P02790	P02790	HEMO_HUMAN	HPX	304223	304223	304223	304223	304223	304223	WKNFPSPVDAAFR	WKNFPSPVDAAFR	WKNFPSPVDAAFR2	2	0.00937082	0.0136986	1	8271.13	8271.13	0	3.08157	2811	3.01733	2867.35	0	0.302245	3.45396	0.895969	2.77801	0.10077	4489;2512;3270;3817;2159;5007;	4489;1940.92;1104.46;707.51;728.632;1841.21;	0.960313;0.893025;0.542483;0.0751377;0.487816;0.681663;
./tmp//tQC_NA_NA_2.mzML.dia	P02790	P02790	HEMO_HUMAN	HPX	304223	304223	304223	304223	304223	304223	WKNFPSPVDAAFR	WKNFPSPVDAAFR	WKNFPSPVDAAFR3	3	0.168663	0.0136986	1	31822.5	31822.5	0	3.07377	2838.3	3.04036	2860.07	0	0.0686178	3.81789	0.365558	3.73161	0.165277	10350;4516;7417;17306;4081;2729;	10350;2017.58;7254.94;8625.59;2777.3;797.114;	0.949257;0.560449;0.935366;0.555456;0.767978;0.553892;
./tmp//tQC_NA_NA_2.mzML.dia	P02751	P02751	FINC_HUMAN	FN1	21839.1	21839.1	21839.1	21839.1	21839.1	21839.1	WLPSSSPVTGYR	WLPSSSPVTGYR	WLPSSSPVTGYR2	2	0.00220264	0.0136986	1	21839.1	21839.1	0	2.65923	2173.9	2.65439	2132.84	0	0.392319	4.43496	0.955452	2.15002	0.0914376	10738;7375;5119;4872;4589;1479;	10738;7365.79;4372.49;3735.36;3266.28;347.297;	0.983691;0.983533;0.948488;0.954128;0.922316;0.312637;
./tmp//tQC_NA_NA_2.mzML.dia	P01876;P01877	P01876;P01877	IGHA1_HUMAN;IGHA2_HUMAN	IGHA1;IGHA2	887093	887093	887093	887093			WLQGSQELPR	WLQGSQELPR	WLQGSQELPR2	2	0.00220264	0.0136986	0	887093	887093	0	2.37342	1683.7	2.35769	1743.38	0	0.994688	5.70145	0.954236	1.98973	0.238191	285830;397336;208076;52789;57641;44509;	285830;393187;208076;51498.3;57245.9;43170.5;	0.963467;0.949075;0.949052;0.940753;0.940688;0.932644;
./tmp//tQC_NA_NA_2.mzML.dia	P02647	P02647	APOA1_HUMAN	APOA1	1.27836e+06	1.27836e+06	1.27836e+06	1.27836e+06	1.27836e+06	1.27836e+06	WQEEMELYR	WQEEMELYR	WQEEMELYR2	2	0.00220264	0.0136986	1	291741	291741	0	2.7077	2095.5	2.6249	2204.7	0	0.873762	5.69079	0.9558	3.10642	0.240562	166949;67705;45232;44368;57096;28355;	166940;67705;38670.1;43569.3;57096;23186.7;	0.964507;0.951157;0.920472;0.933348;0.95926;0.924999;
./tmp//tQC_NA_NA_2.mzML.dia	P01011	P01011	AACT_HUMAN	SERPINA3	138152	138152	138152	138152	138152	138152	WVM(UniMod:35)VPMMSLHHLTIPYFR	WVMVPMMSLHHLTIPYFR	WVM(UniMod:35)VPMMSLHHLTIPYFR4	4	0.00364299	0.0136986	1	3248.17	3248.17	0	4.33342	4259.3	4.11328	4333.81	0	-0.293934	4.70334	0.952378	1.53707	0.0957014	11747;1584;2051;1274;2222;1424;	5754;1584;1551.52;965.714;1474.91;807.543;	0.258388;0.955093;0.842664;0.809238;0.799643;0.69078;
./tmp//tQC_NA_NA_2.mzML.dia	P01011	P01011	AACT_HUMAN	SERPINA3	138152	138152	138152	138152	138152	138152	WVMVPM(UniMod:35)MSLHHLTIPYFR	WVMVPMMSLHHLTIPYFR	WVMVPM(UniMod:35)MSLHHLTIPYFR4	4	0.156408	0.0136986	1	975.495	975.495	0	3.81545	4200	3.95586	4093	0	0.259735	1.54294	0.378548	2.60855	0.133887	3317;504;307;1850;3312;2040;	3317;0;0;635.731;1397.16;339.764;	0.969388;0.0876952;0.396186;0.0432741;0.260025;-0.0980391;
./tmp//tQC_NA_NA_2.mzML.dia	P01011	P01011	AACT_HUMAN	SERPINA3	138152	138152	138152	138152	138152	138152	WVMVPMMSLH	WVMVPMMSLH	WVMVPMMSLH2	2	0.0085592	0.0136986	1	8705.51	8705.51	0	3.9524	4210	3.9796	4185.32	0	0.471056	3.09713	0.907543	1.38232	0.104023	8472;4868;3768;2294;7493;3966;	3657.34;4868;1625.89;2211.63;1199.18;1073.75;	0.417523;0.946259;0.478204;0.853265;0.131753;0.00985296;
./tmp//tQC_NA_NA_2.mzML.dia	P01011	P01011	AACT_HUMAN	SERPINA3	138152	138152	138152	138152	138152	138152	WVMVPMMSLHHLTIPYFR	WVMVPMMSLHHLTIPYFR	WVMVPMMSLHHLTIPYFR4	4	0.00220264	0.0136986	1	6468.83	6468.83	0	4.32108	4324.5	4.31595	4330.76	0	0.0591901	5.04871	0.955779	0	-1e+07	11724;1424;1584;1237;3520;1860;	7281.19;1180.38;1494.93;1024.94;3113.9;1860;	0.367438;0.820738;0.871733;0.797013;0.822779;0.970368;
./tmp//tQC_NA_NA_2.mzML.dia	P00450	P00450	CERU_HUMAN	CP	71879.6	71879.6	71879.6	71879.6	71879.6	71879.6	WYLFGM(UniMod:35)GNEVDVHAAFFHGQALTNK	WYLFGMGNEVDVHAAFFHGQALTNK	WYLFGM(UniMod:35)GNEVDVHAAFFHGQALTNK4	4	0.0709534	0.0136986	1	2949.98	2949.98	0	3.75855	4022.3	3.73941	4036.43	0	0.193259	1.76752	0.526381	2.33803	0.602116	2652;1266;4006;3500;332;2620;	2652;0;1635.28;2231.09;103.955;1210.74;	0.933859;0.230163;0.188423;0.373718;0.364294;0.221021;
./tmp//tQC_NA_NA_2.mzML.dia	P00450	P00450	CERU_HUMAN	CP	71879.6	71879.6	71879.6	71879.6	71879.6	71879.6	WYLFGMGNEVDVHAAFFHGQALTNK	WYLFGMGNEVDVHAAFFHGQALTNK	WYLFGMGNEVDVHAAFFHGQALTNK4	4	0.00220264	0.0136986	1	6042.17	6042.17	0	4.02943	4201.5	3.95933	4222.58	0	0.645517	3.92945	0.955001	2.12886	0.175423	8275;1759;4607;1523;4452;1835;	7934.9;1737.72;2794.04;1413.13;4242.64;1835;	0.822219;0.87766;0.363304;0.81093;0.892785;0.939631;
./tmp//tQC_NA_NA_2.mzML.dia	P01860	P01860	IGHG3_HUMAN	IGHG3	31961.7	31961.7	31961.7	31961.7	31961.7	31961.7	WYVDGVEVHNAK	WYVDGVEVHNAK	WYVDGVEVHNAK2	2	0.00220264	0.0136986	1	11034.2	11034.2	0	2.27823	1561.6	2.25353	1592.02	0	0.225759	5.44784	0.956501	3.08737	0.214916	6857;6629;7690;3652;4149;3744;	6630.68;6293.47;7487.95;3652;3982.07;3400.14;	0.899095;0.864198;0.895135;0.956811;0.950694;0.931699;
./tmp//tQC_NA_NA_2.mzML.dia	P01860	P01860	IGHG3_HUMAN	IGHG3	31961.7	31961.7	31961.7	31961.7	31961.7	31961.7	WYVDGVEVHNAK	WYVDGVEVHNAK	WYVDGVEVHNAK3	3	0.00220264	0.0136986	1	31961.7	31961.7	0	2.28363	1561.2	2.25313	1600.04	0	0.868798	5.73315	0.956765	3.38812	0.170906	12809;24148;18086;11323;7675;8431;	12809;19823;17156;11323;7221.91;7829.7;	0.974845;0.930493;0.965228;0.967851;0.964131;0.969956;
./tmp//tQC_NA_NA_2.mzML.dia	P12111	P12111	CO6A3_HUMAN	COL6A3	6324.39	6324.39	6324.39	6324.39	6324.39	6324.39	WYYDPNTK	WYYDPNTK	WYYDPNTK2	2	0.110294	0.0531915	1	6275.44	6275.44	0	1.7674	1355.4	2.05404	1109.46	0	0.0583127	2.64098	0.443642	0	-1e+07	3581;2783;1211;2949;817;1310;	3581;502.217;0;1633.07;168.894;390.259;	0.970622;-0.184019;0.137002;0.565243;0.293176;0.5647;
./tmp//tQC_NA_NA_2.mzML.dia	P01871	P01871	IGHM_HUMAN	IGHM	70959.5	70959.5	70959.5	70959.5	70959.5	70959.5	YAATSQVLLPSK	YAATSQVLLPSK	YAATSQVLLPSK2	2	0.00220264	0.0136986	1	10816	10816	0	2.30073	1761.6	2.40396	1625.92	0	0.667005	5.68496	0.956297	2.4084	0.0936003	16434;7346;4251;6887;3881;4367;	16434;5502.85;3828.48;5445.43;3622.22;3365.25;	0.963064;0.950146;0.978367;0.961541;0.964885;0.96991;
./tmp//tQC_NA_NA_2.mzML.dia	P48506	P48506	GSH1_HUMAN	GCLC	9912.45	9912.45	9912.45	9912.45	9912.45	9912.45	YDSIDSYLSK	YDSIDSYLSK	YDSIDSYLSK2	2	0.0709534	0.241379	1	9912.45	9912.45	0	2.37342	1958.7	2.56	1743.38	0	0.237644	3.24023	0.526065	2.44828	0.179545	1275;3593;2876;669;4321;2412;	605.853;3593;2075.56;266.079;1409.94;1962.02;	0.343018;0.948466;0.782461;0.545267;0.206042;0.792569;
./tmp//tQC_NA_NA_2.mzML.dia	P05546	P05546	HEP2_HUMAN	SERPIND1	18971.3	18971.3	18971.3	18971.3	18971.3	18971.3	YEITTIHNLFR	YEITTIHNLFR	YEITTIHNLFR2	2	0.0301129	0.0136986	1	6032.09	6032.09	0	3.2155	2810.4	3.01684	3099.57	0	-0.110729	2.95266	0.720094	3.34513	0.197821	2640;2216;2838;5836;1105;4620;	2640;427.783;1629.26;677.977;201.154;883.705;	0.943595;0.262136;0.769714;-0.129792;0.329043;-0.255944;
./tmp//tQC_NA_NA_2.mzML.dia	P05546	P05546	HEP2_HUMAN	SERPIND1	18971.3	18971.3	18971.3	18971.3	18971.3	18971.3	YEITTIHNLFR	YEITTIHNLFR	YEITTIHNLFR3	3	0.0155642	0.0136986	1	10464.9	10464.9	0	2.99892	2812.2	3.01831	2792.47	0	-0.159855	4.46621	0.818227	2.11471	0.118527	4757;5356;3749;1068;2463;4027;	3384.15;4630.73;1606.05;0;2463;3011.75;	0.709379;0.813254;0.607311;0.438607;0.966587;0.795576;
./tmp//tQC_NA_NA_2.mzML.dia	P22105	P22105	TENX_HUMAN	TNXB	2460.46	2460.46	2460.46	2460.46	2460.46	2460.46	YEVTVVSVR	YEVTVVSVR	YEVTVVSVR2	2	0.19902	0.5	1	2460.46	2460.46	0	2.3466	1760.5	2.40334	1698.73	0	-0.3436	2.01931	0.334764	0	-1e+07	902;1545;920;934;805;1119;	591.056;605.504;200.205;522.702;805;341.499;	0.643396;0.41396;0.108384;0.42342;0.924467;0.192774;
./tmp//tQC_NA_NA_2.mzML.dia	P01042	P01042	KNG1_HUMAN	KNG1	55344.2	55344.2	55344.2	55344.2	55344.2	55344.2	YFIDFVAR	YFIDFVAR	YFIDFVAR2	2	0.00220264	0.0136986	1	25283.5	25283.5	0	3.36975	3293.1	3.30564	3350.88	0	0.944953	5.68306	0.956172	3.49754	0.284349	48822;27240;14031;24275;10713;4306;	48822;25518.7;12512.2;21431.9;9939.85;2831.48;	0.943301;0.933932;0.95219;0.941002;0.959192;0.960526;
./tmp//tQC_NA_NA_2.mzML.dia	P01024	P01024	CO3_HUMAN	C3	153839	153839	153839	153839	153839	153839	YFKPGMPFDLMVFVTNPDGSPAYR	YFKPGMPFDLMVFVTNPDGSPAYR	YFKPGMPFDLMVFVTNPDGSPAYR4	4	0.00937082	0.0136986	1	29207	29207	0	4.55887	4391.9	4.52802	4387.54	0	0.42161	5.68269	0.899321	3.06076	0.237685	13835;12736;10161;4163;6410;6371;	13821.4;12685.3;10150.8;3702.87;6294.77;6371;	0.945906;0.94719;0.964536;0.845324;0.942605;0.984588;
./tmp//tQC_NA_NA_2.mzML.dia					3.49289e+06	3.49289e+06					YFYAPELLFFAK	YFYAPELLFFAK	YFYAPELLFFAK2	2	0.00220264	1	0	203836	203836	0	4.61035	4403.4	4.56347	4402.45	0	0.985879	5.80581	0.955348	2.74881	0.301209	207801;395131;75369;65197;86474;42813;	207801;394902;75369;65115.5;85776.3;42690.7;	0.961056;0.951126;0.964775;0.958031;0.966997;0.971248;
./tmp//tQC_NA_NA_2.mzML.dia	P16070	P16070	CD44_HUMAN	CD44	7315.58	7315.58	7315.58	7315.58	7315.58	7315.58	YGFIEGHVVIPR	YGFIEGHVVIPR	YGFIEGHVVIPR3	3	0.00937082	0.0531915	1	7315.58	7315.58	0	2.86282	2521.2	2.88622	2528.46	0	-0.117709	3.8526	0.878797	0	-1e+07	7039;902;815;586;951;1637;	6163.53;539.303;815;337.05;468.56;665.438;	0.827415;0.645037;0.898046;0.652803;0.373008;0.491561;
./tmp//tQC_NA_NA_2.mzML.dia	P00751	P00751	CFAB_HUMAN	CFB	29006.3	29006.3	29006.3	29006.3	29006.3	29006.3	YGLVTYATYPK	YGLVTYATYPK	YGLVTYATYPK2	2	0.00220264	0.0136986	1	29006.3	29006.3	0	2.7077	2208.2	2.67186	2204.7	0	0.249087	5.61764	0.956647	0	-1e+07	14682;8313;11307;7944;3540;6025;	14682;7770.86;10980;6048.51;3344.3;3677.87;	0.983365;0.967462;0.980633;0.914236;0.980867;0.866714;
./tmp//tQC_NA_NA_2.mzML.dia	P04114	P04114	APOB_HUMAN	APOB	43710.3	43710.3	43710.3	43710.3	43710.3	43710.3	YGM(UniMod:35)VAQVTQTLK	YGMVAQVTQTLK	YGM(UniMod:35)VAQVTQTLK2	2	0.00220264	0.0136986	1	6174.36	6174.36	0	2.16637	1511.7	2.20313	1457.61	0	0.796219	5.08199	0.9553	0	-1e+07	2606;2418;1154;1516;1303;7371;	2606;2128.99;1113.96;1439.37;1096.46;3501.9;	0.985895;0.940574;0.936481;0.968388;0.897014;0.788794;
./tmp//tQC_NA_NA_2.mzML.dia	P01031	P01031	CO5_HUMAN	C5	12429.9	12429.9	12429.9	12429.9	12429.9	12429.9	YGMWTIK	YGMWTIK	YGMWTIK2	2	0.228626	0.0136986	1	12478.1	12478.1	0	2.82582	2171.7	2.65333	2460.86	0	0.250536	1.89235	0.314586	0	-1e+07	4372;2056;2712;2285;12353;2153;	3031.86;2056;1972.35;1692.3;3212.74;512.874;	-0.107892;0.911674;0.14658;0.193412;0.406896;0.245269;
./tmp//tQC_NA_NA_2.mzML.dia	Q15582	Q15582	BGH3_HUMAN	TGFBI	4596.78	4596.78	4596.78	4596.78	4596.78	4596.78	YGTLFTMDR	YGTLFTMDR	YGTLFTMDR2	2	0.352125	0.0136986	1	15371.4	15371.4	0	2.75443	2342.9	2.75773	2305.84	0	0.134406	2.73621	0.230308	2.37707	0.186351	7485;7258;5475;5194;15377;3391;	7485;3214.98;571.944;1420.11;1181.57;1497.8;	0.97372;0.459411;0.0961517;-0.023609;0.146;0.452415;
./tmp//tQC_NA_NA_2.mzML.dia	P19823	P19823	ITIH2_HUMAN	ITIH2	72324.5	72324.5	72324.5	72324.5	72324.5	72324.5	YIEKIQPSGGTNINEALLR	YIEKIQPSGGTNINEALLR	YIEKIQPSGGTNINEALLR3	3	0.258396	0.0136986	1	5583.12	5583.12	0	2.58653	2424.5	2.82502	2022.12	0	0.411749	2.56193	0.287551	2.52399	0.106664	4570;3861;1699;500;1389;674;	1170.81;2740.82;151.363;0;846.116;674;	-0.0285622;0.62625;0.141101;0.0997325;0.491377;0.821679;
./tmp//tQC_NA_NA_2.mzML.dia	P01024	P01024	CO3_HUMAN	C3	153839	153839	153839	153839	153839	153839	YISKYELDK	YISKYELDK	YISKYELDK2	2	0.00220264	0.0136986	1	8135.52	8135.52	0	1.63305	1016.1	1.60151	1036.03	0	-0.0156383	4.96148	0.956034	0	-1e+07	5932;1823;2485;943;1898;1456;	5932;1387.44;1706.59;816.088;616.386;735.207;	0.976277;0.924566;0.892456;0.952413;0.563684;0.806824;
./tmp//tQC_NA_NA_2.mzML.dia	P0C0L4;P0C0L5	P0C0L4;P0C0L5	CO4A_HUMAN;CO4B_HUMAN	C4A;C4B	101288	101288	101288	101288			YIYGKPVQGVAY	YIYGKPVQGVAY	YIYGKPVQGVAY2	2	0.0546512	0.0136986	0	3397.62	3397.62	0	2.48702	1915.5	2.51609	1896.36	0	0.0970257	2.15752	0.591079	0	-1e+07	1347;903;12599;2745;1148;1397;	866.43;903;1096.42;1269.75;220.118;138.323;	0.548288;0.893721;-0.252261;-0.0226008;0.121917;-0.39815;
./tmp//tQC_NA_NA_2.mzML.dia	P0C0L4;P0C0L5	P0C0L4;P0C0L5	CO4A_HUMAN;CO4B_HUMAN	C4A;C4B	101288	101288	101288	101288			YIYGKPVQGVAYVR	YIYGKPVQGVAYVR	YIYGKPVQGVAYVR2	2	0.00220264	0.0136986	0	22111.3	22111.3	0	2.31783	1640.5	2.32564	1652.51	0	0.918423	5.31631	0.955655	4.63687	0.147975	16403;6822;2613;3212;3845;3131;	16403;6791;2496.31;3212;3030.5;2221.51;	0.911387;0.893369;0.92783;0.959846;0.833944;0.807398;
./tmp//tQC_NA_NA_2.mzML.dia	P0C0L4;P0C0L5	P0C0L4;P0C0L5	CO4A_HUMAN;CO4B_HUMAN	C4A;C4B	101288	101288	101288	101288			YIYGKPVQGVAYVR	YIYGKPVQGVAYVR	YIYGKPVQGVAYVR3	3	0.00220264	0.0136986	0	50347.1	50347.1	0	2.31003	1649.7	2.33301	1640.3	0	0.642232	4.54242	0.955186	5.74774	0.762216	24939;17498;9638;12337;32117;7269;	24939;17396;8012.08;5077.86;9428.86;4400.65;	0.938524;0.957034;0.948399;0.561142;0.214385;0.820999;
./tmp//tQC_NA_NA_2.mzML.dia	P04196	P04196	HRG_HUMAN	HRG	26183.3	26183.3	26183.3	26183.3	26183.3	26183.3	YKEENDDFASFR	YKEENDDFASFR	YKEENDDFASFR2	2	0.00220264	0.0136986	1	5622.29	5622.29	0	2.1562	1315.3	2.01889	1449.65	0	0.424625	4.33126	0.955758	0	-1e+07	2530;2230;2442;1701;5884;1958;	2530;1656.74;1180.01;984.203;604.737;1435.55;	0.964896;0.893481;0.786227;0.74679;0.0595792;0.872762;
./tmp//tQC_NA_NA_2.mzML.dia	P04196	P04196	HRG_HUMAN	HRG	26183.3	26183.3	26183.3	26183.3	26183.3	26183.3	YKEENDDFASFR	YKEENDDFASFR	YKEENDDFASFR3	3	0.0377129	0.0136986	1	36332.2	36332.2	0	2.16117	1317.1	2.02048	1453.49	0	-0.123223	3.73642	0.675023	1.81737	0.169148	10030;1.36593e+06;6546;3454;4510;3654;	7642.11;15799.8;6546;2364.91;2523.99;1455.43;	0.784743;0.466723;0.968262;0.739046;0.731218;0.467536;
./tmp//tQC_NA_NA_2.mzML.dia	P0C0L4;P0C0L5	P0C0L4;P0C0L5	CO4A_HUMAN;CO4B_HUMAN	C4A;C4B	101288	101288	101288	101288			YLDKTEQWSTLPPETK	YLDKTEQWSTLPPETK	YLDKTEQWSTLPPETK3	3	0.00220264	0.0136986	0	34437.9	34437.9	0	2.41172	1896.9	2.49761	1809.5	0	0.564233	3.81415	0.954932	3.10405	0.159361	24357;7604;19729;7035;5857;3533;	24314.7;6174.99;4029.83;7035;4468.36;3088.14;	0.968557;0.835304;-0.0117503;0.942107;0.914906;0.937251;
./tmp//tQC_NA_NA_2.mzML.dia	P02787	P02787	TRFE_HUMAN	TF	590578	590578	590578	590578	590578	590578	YLGEEYVK	YLGEEYVK	YLGEEYVK2	2	0.00220264	0.0136986	1	431945	431945	0	2.21007	1417.6	2.10963	1499.08	0	0.966608	4.89564	0.954704	2.63368	0.214641	348330;69165;125062;14488;22828;35163;	348330;69127.3;78973.5;14488;15262;8087.42;	0.960595;0.939115;0.812513;0.943011;0.841135;0.154299;
./tmp//tQC_NA_NA_2.mzML.dia	P02768;P02769	P02768;P02769	ALBU_BOVIN;ALBU_HUMAN	ALB	6.52224e+06	6.52224e+06	6.52224e+06	6.52224e+06	6.52224e+06	6.52224e+06	YLYEIAR	YLYEIAR	YLYEIAR2	2	0.00364299	0.0136986	1	5.15157e+06	5.15157e+06	0	2.3202	1622.4	2.31039	1656.25	0	0.952945	5.79066	0.951204	0	-1e+07	2.32058e+06;1.27732e+06;1.74952e+06;869412;2.12476e+06;75490;	1.76971e+06;1.2773e+06;1.74952e+06;869412;2.12476e+06;73207.8;	0.87414;0.975332;0.976491;0.972073;0.985477;0.954247;
./tmp//tQC_NA_NA_2.mzML.dia	Q15582	Q15582	BGH3_HUMAN	TGFBI	4596.78	4596.78	4596.78	4596.78	4596.78	4596.78	YLYHGQTLETLGGK	YLYHGQTLETLGGK	YLYHGQTLETLGGK2	2	0.297297	0.0136986	1	2795.4	2795.4	0	2.1694	1615.2	2.30407	1460.08	0	0.14863	1.90578	0.265087	0	-1e+07	1434;2315;259;2403;625;307;	1434;876.219;0;485.179;0;0;	0.911374;0.355373;0.279579;0.1429;0.237838;-0.0454172;
./tmp//tQC_NA_NA_2.mzML.dia	P23142	P23142	FBLN1_HUMAN	FBLN1	10557.8	10557.8	10557.8	10557.8	10557.8	10557.8	YMDGMTVGVVR	YMDGMTVGVVR	YMDGMTVGVVR2	2	0.00625	0.0136986	1	4655.32	4655.32	0	2.60818	2128.9	2.63549	2060.37	0	0.35681	3.66651	0.949801	1.43845	0.101695	8583;2591;2786;1795;1078;729;	3786.85;2591;1532.98;1311.95;812.824;531.34;	0.50983;0.865557;0.740495;0.540608;0.733945;0.760127;
./tmp//tQC_NA_NA_2.mzML.dia	P07357	P07357	CO8A_HUMAN	C8A	7278.27	7278.27	7278.27	7278.27	7278.27	7278.27	YNPVVIDFEMQPIHEVLR	YNPVVIDFEMQPIHEVLR	YNPVVIDFEMQPIHEVLR3	3	0.00762195	0.0365854	1	7278.27	7278.27	0	3.89465	4185.9	3.92476	4152.19	0	0.708457	3.07809	0.933917	0	-1e+07	3666;4333;2704;2038;1638;	3666;2247.49;1289.59;1364.79;398.663;	0.951655;0.7558;0.643788;0.752857;0.365343;
./tmp//tQC_NA_NA_2.mzML.dia	P01042	P01042	KNG1_HUMAN	KNG1	55344.2	55344.2	55344.2	55344.2	55344.2	55344.2	YNSQNQSNNQFVLYR	YNSQNQSNNQFVLYR	YNSQNQSNNQFVLYR3	3	0.00220264	0.0136986	1	17253.4	17253.4	0	2.49762	1805.6	2.4294	1905.13	0	0.334535	3.72306	0.954732	0	-1e+07	6058;6109;5388;4041;4228;3424;	5893.29;6109;5251.08;3668.06;1994.45;1619.69;	0.948244;0.983315;0.879514;0.84179;0.666278;0.318747;
./tmp//tQC_NA_NA_2.mzML.dia	Q96KN2	Q96KN2	CNDP1_HUMAN	CNDP1	3919.78	3919.78	3919.78	3919.78	3919.78	3919.78	YPSLSIHGIEGAFDEPGTK	YPSLSIHGIEGAFDEPGTK	YPSLSIHGIEGAFDEPGTK3	3	0.297297	0.0531915	1	5558.16	5558.16	0	3.05387	3303.6	3.31167	2843.05	0	0.0381703	2.96941	0.263394	0	-1e+07	3250;1898;3905;2113;1496;1106;	1349.79;506.366;1420.11;697.474;478.423;1106;	0.72493;0.258865;0.682006;0.365108;0.466967;0.96707;
./tmp//tQC_NA_NA_2.mzML.dia	P05155	P05155	IC1_HUMAN	SERPING1	83273	83273	83273	83273	83273	83273	YPVAHFIDQTLK	YPVAHFIDQTLK	YPVAHFIDQTLK2	2	0.440305	0.0136986	1	4321.75	4321.75	0	2.5993	2467.1	2.85715	2045.52	0	0.0581128	2.53918	0.197054	2.8167	0.24284	397;1814;1371;1138;2052;1851;	0;758.952;1371;346.191;539.291;1306.31;	0.219521;0.301668;0.898239;0.123212;0.168646;0.598175;
./tmp//tQC_NA_NA_2.mzML.dia	P0C0L4;P0C0L5	P0C0L4;P0C0L5	CO4A_HUMAN;CO4B_HUMAN	C4A;C4B	101288	101288	101288	101288			YRVFALDQK	YRVFALDQK	YRVFALDQK2	2	0.114703	0.0136986	0	36557.7	36557.7	0	2.26157	1488.8	2.17973	1567.73	0	0.417814	2.24487	0.431762	2.92043	0.191883	18373;7170;4385;2493;56379;2458;	18373;2487.35;1910.34;703.881;12256.5;826.611;	0.931417;0.187297;0.20628;0.147645;0.0224804;0.383669;
./tmp//tQC_NA_NA_2.mzML.dia	P03952	P03952	KLKB1_HUMAN	KLKB1	10736.2	10736.2	10736.2	10736.2	10736.2	10736.2	YSPGGTPTAIK	YSPGGTPTAIK	YSPGGTPTAIK2	2	0.00220264	0.0136986	1	10736.2	10736.2	0	1.61942	1063	1.69337	1029.23	0	0.0227175	4.02825	0.955194	0	-1e+07	6957;1788;2158;903;1057;1716;	6883;1788;2065.22;715.083;743.765;1183.69;	0.938494;0.981922;0.941376;0.895057;0.816476;0.882933;
./tmp//tQC_NA_NA_2.mzML.dia					3.49289e+06	3.49289e+06					YSVVLLLR	YSVVLLLR	YSVVLLLR2	2	0.00220264	1	0	27903.8	27903.8	0	3.43055	3420.2	3.39121	3470.14	0	0.755544	5.5517	0.956311	2.33503	0.0967102	11680;7368;6437;9019;7419;8173;	11680;7347.91;6397.74;8875.9;6591.65;5222.66;	0.950149;0.949808;0.943606;0.959564;0.948126;0.768008;
./tmp//tQC_NA_NA_2.mzML.dia	P02774	P02774	VTDB_HUMAN	GC	53475.6	53475.6	53475.6	53475.6	53475.6	53475.6	YTFELSR	YTFELSR	YTFELSR2	2	0.00937082	0.0136986	1	29580	29580	0	2.41887	1716.9	2.37845	1821.53	0	0.00974881	1.84741	0.864387	1.97302	0.366086	2.32689e+06;15977;21803;17287;129981;5259;	45565;4296.23;21803;3480.82;5261.99;1438.4;	-0.33225;0.759929;0.978324;0.647177;-0.266978;0.261308;
./tmp//tQC_NA_NA_2.mzML.dia	P02766	P02766	TTHY_HUMAN	TTR	19222.3	19222.3	19222.3	19222.3	19222.3	19222.3	YTIAALLSPYSYSTTAVVTNPK	YTIAALLSPYSYSTTAVVTNPK	YTIAALLSPYSYSTTAVVTNPK3	3	0.0457746	0.0136986	1	3623.7	3623.7	0	4.36457	4260.8	4.1177	4341.27	0	0.072874	2.46292	0.603957	2.34054	0.464945	938;1111;1998;1105;2404;2386;	283.365;1111;1807.95;262.333;1753.52;442.42;	0.117775;0.878668;0.812903;0.265459;0.621344;-0.00658803;
./tmp//tQC_NA_NA_2.mzML.dia	P02766	P02766	TTHY_HUMAN	TTR	19222.3	19222.3	19222.3	19222.3	19222.3	19222.3	YTIAALLSPYSYSTTAVVTNPKE	YTIAALLSPYSYSTTAVVTNPKE	YTIAALLSPYSYSTTAVVTNPKE3	3	0.00364299	0.0136986	1	8506.12	8506.12	0	4.09413	4260.6	4.11711	4252.87	0	0.0339241	4.0847	0.953332	0	-1e+07	4687;7810;8202;2606;7357;2754;	4687;3324.06;2923.14;2088.72;3313.36;1730.4;	0.981287;0.70005;0.269707;0.823409;0.308153;0.732135;
./tmp//tQC_NA_NA_2.mzML.dia	P02768	P02768	ALBU_HUMAN	ALB	6.02018e+06	6.02018e+06	6.52224e+06	6.52224e+06	6.52224e+06	6.52224e+06	YTKKVPQVSTPTLVEVSR	YTKKVPQVSTPTLVEVSR	YTKKVPQVSTPTLVEVSR3	3	0.240266	0.0136986	1	2753.67	2753.67	0	2.38835	1678.7	2.35433	1768.85	0	-0.217765	2.04833	0.303411	1.28854	0.0888924	1650;803;223;816;1080;1135;	1650;471.898;0;138.149;255.525;238.1;	0.908834;0.530177;0.0368745;0.217425;0.386246;0.248323;
./tmp//tQC_NA_NA_2.mzML.dia					3.49289e+06	3.49289e+06					YTLVSGYPK	YTLVSGYPK	YTLVSGYPK2	2	0.162651	1	0	5400.53	5400.53	0	2.6298	1691.2	2.3626	2092.87	0	-0.353763	2.59782	0.372763	2.12893	0.199477	4149;3614;2840;3080;4182;1764;	1785.09;1306.96;1205.64;1102.84;2118;1764;	-0.0736011;0.341838;0.41969;0.499166;0.638872;0.940374;
./tmp//tQC_NA_NA_2.mzML.dia	P0C0L4;P0C0L5	P0C0L4;P0C0L5	CO4A_HUMAN;CO4B_HUMAN	C4A;C4B	101288	101288	101288	101288			YVLPNFEVK	YVLPNFEVK	YVLPNFEVK2	2	0.00937082	0.0136986	0	12894.9	12894.9	0	3.11207	2927.4	3.11727	2902.16	0	0.168594	3.60152	0.883033	3.24496	0.642454	8500;18298;5143;5299;2052;3358;	5458.05;11414.6;3515.82;5299;1321.57;2137.8;	0.635325;0.545411;0.61654;0.908572;0.509579;0.723436;
./tmp//tQC_NA_NA_2.mzML.dia	P01871	P01871	IGHM_HUMAN	IGHM	70959.5	70959.5	70959.5	70959.5	70959.5	70959.5	YVTSAPM(UniMod:35)PEPQAPGR	YVTSAPMPEPQAPGR	YVTSAPM(UniMod:35)PEPQAPGR2	2	0.0687711	0.0136986	1	2609.69	2609.69	0	1.7382	1153.1	1.84402	1092.36	0	0.0942832	2.19266	0.548199	0	-1e+07	1111;784;1459;859;1162;955;	1111;380.529;740.502;211.62;166.04;0;	0.952178;0.660109;0.580126;0.411476;-0.0441639;-0.0420458;
./tmp//tQC_NA_NA_2.mzML.dia	P01871	P01871	IGHM_HUMAN	IGHM	70959.5	70959.5	70959.5	70959.5	70959.5	70959.5	YVTSAPMPEPQAPGR	YVTSAPMPEPQAPGR	YVTSAPMPEPQAPGR2	2	0.00220264	0.0136986	1	18046.6	18046.6	0	2.18173	1593.1	2.2839	1470.63	0	0.967559	5.8841	0.956387	0	-1e+07	35071;12206;11235;10656;3793;3187;	34814;12206;8969.62;10086.2;3100.7;2739.86;	0.977872;0.995789;0.977895;0.975816;0.986635;0.982212;
./tmp//tQC_NA_NA_2.mzML.dia					3.49289e+06	3.49289e+06					YYHGDHPVANSLR	YYHGDHPVANSLR	YYHGDHPVANSLR3	3	0.285975	1	0	1492.11	1492.11	0	1.42123	874.2	1.30863	937.431	0	0.676583	2.22159	0.27061	3.56383	0.607642	910;463;615;190;1817;565;	0;463;0;24.6574;1004.45;0;	0.0279998;0.815947;0.103525;0.305851;0.508626;0.301825;
./tmp//tQC_NA_NA_2.mzML.dia	P01024	P01024	CO3_HUMAN	C3	153839	153839	153839	153839	153839	153839	YYTYLIM(UniMod:35)NK	YYTYLIMNK	YYTYLIM(UniMod:35)NK2	2	0.0763359	0.0136986	1	8572.12	8572.12	0	2.57117	1879	2.4816	1992.13	0	-0.0897065	2.43282	0.494698	0	-1e+07	8434;2104;1789;5258;2309;2881;	1035.51;1535.11;1789;2639.18;1573.32;1341.43;	-0.202248;0.480545;0.868945;-0.0604819;0.463047;0.439765;
./tmp//tQC_NA_NA_2.mzML.dia	P01024	P01024	CO3_HUMAN	C3	153839	153839	153839	153839	153839	153839	YYTYLIMNK	YYTYLIMNK	YYTYLIMNK2	2	0.00220264	0.0136986	1	51724.8	51724.8	0	2.90372	2473.8	2.86138	2607.96	0	0.876748	5.59643	0.956493	2.13309	0.232393	25649;16581;11895;13404;21187;9463;	25649;16581;9494.83;12893;15616.6;8512.71;	0.949612;0.956499;0.955074;0.933567;0.802784;0.925389;
